block_num,tx_hash,from,to,detect_time,attack_signals,selector,has_asset_impact
26118062,0x59f141d609c3b26d1cfbb8638898cb7ba2c4f4479f53122c100a82e9024be856,0x4838b106fce9647bdf1e7877bf73ce8b0bad5f97,0xfeeeeee44046c3f61a8cc081e0918ef0de0a7ffc,2026-10-04T17:30:21,selfdestruct_context,0x6ac21ab7,true
26118062,0x8d8a700463eecaf1fcb5d5d2ef3b3ed11904304ffa255cc5a7ee33dd74da78a4,0x4be7d19afe74e0d87484735263f4467c9fa2865c,,2026-10-04T17:30:21,privileged_execution_context;high_gas_used_context;contract_creation_context,0x60a06040,false
26118062,0xb5f9d52fb43861fa77cd1e5fc1c811ae209f02a9e2c9fef259a36a6b65fef055,0x7818badab1c0348800fadc1106552fc5790b5465,0x676f425cc9ea4d19c3da60fc8064c17fb0428a70,2026-10-04T17:30:21,complex_trace;high_gas_used_context,0x9702c487,false
26118062,0xf70a2faad9408c25476334cdb0100331dce69a8fc9ea9a90604198af6e7883a6,0x9bdd22f80acf70144b900adf57713e4285366d51,0x66a3c2fa3e467aa586e90912f977e648589cabaf,2026-10-04T17:30:21,complex_trace;high_gas_used_context,0x095ea7b3,false
26118063,0xd799cf92bb6bb4997e7399a9fcad1c099fa313cdcea8dd114ba6e713fbd22183,0xabe8f38df58602f396853ec720ecc95e9496afd7,0x8feab81d36e7576107d5de0758c1b839be31b4f6,2026-10-04T17:30:22,dense_internal_fund_flow;complex_trace;high_gas_used_context,0x0c307f76,true
26118063,0x32d11ad288ae45972b1b27ee52f880c445e9e8d2f0c551f73e94dda77df6cb39,0xc0ffeebabe5d496b2dde509f9fa189c25cf29671,0xe08d97e151473a848c3d9ca3f323cb720472d015,2026-10-04T17:31:25,complex_trace;high_gas_used_context,0x1d23a9c4,false
26118063,0x54665098dbee6a01bce535b019d75c7e2998116b03365fb420c93d56f260260f,0x03efba502883e05ad15fc351b1582bc55a54d5d3,0x784ecbf6d777b7cd5512d6c6e94462d3db4f6c63,2026-10-04T17:31:25,dense_internal_fund_flow;complex_trace;high_gas_used_context,0x6a761202,true
26118063,0x7ea34b48fa4c88932006ce44ec1a7be280013191d749595c90669005750c8c31,0x4838b106fce9647bdf1e7877bf73ce8b0bad5f97,0xfeeeeee44046c3f61a8cc081e0918ef0de0a7ffc,2026-10-04T17:31:25,selfdestruct_context,0x6ac21ac3,true
26118063,0xcfffa2f739eaaf0df9d400bcfe838df080f5afb7f98a895c356413a8bdb43e0a,0x1b5428d7707c04ed27cc11b0a2bd120b0585bd46,0x89c6340b1a1f4b25d36cd8b063d49045caf3f818,2026-10-04T17:31:25,complex_trace;high_gas_used_context,0xd7a08473,false
26118063,0xdd7ad4741aa1c96dc9f1923c98924bca704002e36e303e48ca22147f2d558a6d,0xb3d4518cadc7054ec43c61a668c21c3772353f9d,0xd64ef1417eb047ed0b54736a5a41f01178c391c6,2026-10-04T17:31:25,very_complex_trace;high_gas_used_context,0x10c07082,false
26118064,0x07f6520db6233e35dcbb35c0c9a7ea446e60953feaea48937ad4a29500566221,0x81d50e19dd641bb7db0e2e69c2b7c765c511f67a,0x4313c378cc91ea583c91387b9216e2c03096b27f,2026-10-04T17:31:26,dense_internal_fund_flow;complex_trace,0xeffbec13,true
26118064,0xaa3507cf560a47043b51e5c5564c1abcdecfb2fa69ecd10d335bcaedefedd083,0xbfd97ad48d1e64a35a84a958fac9318bcb7ab7f3,0x4313c378cc91ea583c91387b9216e2c03096b27f,2026-10-04T17:31:26,dense_internal_fund_flow;complex_trace;high_gas_used_context,0xeffbec13,true
26118064,0xd3e355cb63f898ee5c2b83e9ce0d0f2df9c3d2398b078d831149106a77e9ba04,0xe314527acf61cc3ca9d58c277540f9370401c977,0x4313c378cc91ea583c91387b9216e2c03096b27f,2026-10-04T17:31:26,dense_internal_fund_flow;complex_trace,0xeffbec13,true
26118064,0x3c3f85088c1a32f1b226750434dc0f9c2813dc692ab8e1fdaeee759dc68ee708,0x4838b106fce9647bdf1e7877bf73ce8b0bad5f97,0xfeeeeee44046c3f61a8cc081e0918ef0de0a7ffc,2026-10-04T17:31:27,selfdestruct_context,0x6ac21acf,true
26118064,0x69f08d1e3a12c038969be72e09cf21a852e6b3681ec8e5c1f2a2e498943efbaa,0xf79e213d53845065183ac7cedd7b3cf8920e3a89,0x8c589e9fbb8663c64dd7266fea07cdf2a0c92317,2026-10-04T17:31:27,selfdestruct_context,0x0954d9da,false
26118064,0x87ee3537e5268161d31351dd4c53f739b7b9597baf0a75a17ff63f6ced3c5bc4,0xbbcf360b40a9d5b913514938eddb105fe92f980a,0x881d40237659c251811cec9c364ef91dc08d300c,2026-10-04T17:31:27,dense_internal_fund_flow;complex_trace,0x5f575529,true
26118064,0x89a04d1c752fe3ea58c48befd548ceca21bb63d28f8f931260bcdaa0ec11fc1b,0x87c048bd75d4cf695965f3b903fe235486b2e373,0x5228ed975c6bcb53d2e221ba737362fd9add0b60,2026-10-04T17:31:27,dense_internal_fund_flow;complex_trace,0xeffbec13,true
26118064,0xed41f9d11a869b65ae2dc0a9e358e310403b1486d077d3510c3f26639494614a,0x4be7d19afe74e0d87484735263f4467c9fa2865c,,2026-10-04T17:31:27,privileged_execution_context;contract_creation_context,0x60c06040,false
26118064,0xf671e6a18cd37519df336596373ba1334752c2209ff13e0aee4eff3071557cfb,0x4a73449febd888f76012a4a86e3ce9ce61675816,0x79926bbdb1de1405aa478d9a795fbe56dc92cd7e,2026-10-04T17:31:27,complex_trace;high_gas_used_context;approval_burst,0xf4f51a2f,false
26118065,0x20cd6c29776fbaa12fe9261cf71123443f009a8099f797e1d671d0934d152d43,0xf3bf4cadebee8427f6fc87f4d846f21d78efe2dc,0x8feab81d36e7576107d5de0758c1b839be31b4f6,2026-10-04T17:31:29,complex_trace;high_gas_used_context,0x0c307f76,false
26118065,0x29f0ab6276e85cf576b93f74befcc22c20b2ef8a7ca51b92273e37ff46f61e32,0x4337009be43c7ecc9bfbde0f1780553aa065187e,0x4337084d9e255ff0702461cf8895ce9e3b5ff108,2026-10-04T17:31:29,complex_trace;high_gas_used_context,0x765e827f,false
26118065,0xc15889640b94ac82f9cf3dadd2fde580ed4be633e7838bde03f7b58bd245792d,0x4838b106fce9647bdf1e7877bf73ce8b0bad5f97,0xfeeeeee44046c3f61a8cc081e0918ef0de0a7ffc,2026-10-04T17:31:29,selfdestruct_context,0x6ac21adb,true
26118065,0xe0040b12b8dbb6f942749cbb2f42520df3827af2f2e335b18e05b8e73171cf89,0x440888714a6afed60ff44e9975a96e6a36f7fac4,0x6131b5fae19ea4f9d964eac0408e4408b66337b5,2026-10-04T17:31:29,dense_internal_fund_flow;complex_trace,0xe21fd0e9,true
26118065,0xe7186d15afa8147f30c8764fc31c0bed8fac5a8fc0b0486318b3c03a152e8ef7,0x4838b106fce9647bdf1e7877bf73ce8b0bad5f97,0xfeeeeee44046c3f61a8cc081e0918ef0de0a7ffc,2026-10-04T17:31:29,selfdestruct_context,0x6ac21adb,true
26118065,0x30404b34f6263d5fa051ec48f653a78e8a47ed5e14135433807852490df4cc38,0x7818badab1c0348800fadc1106552fc5790b5465,0x676f425cc9ea4d19c3da60fc8064c17fb0428a70,2026-10-04T17:31:30,complex_trace;high_gas_used_context,0x9702c487,false
26118065,0x73b2407990ae6c9cd28e3d7a5ec6afc950d4bf0d6782f6d511d67178eb7e5ef2,0x4838b106fce9647bdf1e7877bf73ce8b0bad5f97,0xfeeeeee44046c3f61a8cc081e0918ef0de0a7ffc,2026-10-04T17:31:30,selfdestruct_context,0x6ac21adb,true
26118066,0x0e964398a58a185fe4c01039b68ef267df668bf96fb02478d545fc472198f57b,0xe314527acf61cc3ca9d58c277540f9370401c977,0x4313c378cc91ea583c91387b9216e2c03096b27f,2026-10-04T17:32:33,dense_internal_fund_flow;complex_trace,0xeffbec13,true
26118066,0x2bda1920c63e827e3661987a906ca2b48c1c8f7e639bcf6ab5cd5a5bb598cb51,0x50bf934781f63028c5c8ef49c4affe19a86d99b6,0x8d04cc7e86e687854eb41d9d43512b655b93184b,2026-10-04T17:32:33,complex_trace;selfdestruct_context,0x4a1bf18a,false
26118066,0x39c21c3787e3e0cdf63b6ff70fc09a6a35e3b42979ee3d35dec037a066ad74e9,0xa9016c000571cb14c816ef735a3563ac20736c9d,0x4313c378cc91ea583c91387b9216e2c03096b27f,2026-10-04T17:32:33,dense_internal_fund_flow;complex_trace,0xeffbec13,true
26118066,0x4dbce2b7cbcc73bfe92c75cc0ff2aee8d2e9afa849d84d1e2d6e38e0163cfc07,0xb5a2a4fe64356184c420e190778d70f94ae629ab,0x4313c378cc91ea583c91387b9216e2c03096b27f,2026-10-04T17:32:33,dense_internal_fund_flow;complex_trace,0xeffbec13,true
26118066,0x6a2e27a9eb73da46d234d4273a4bad565aac7e32e7cff4bd9c57f72b3487c70f,0x4838b106fce9647bdf1e7877bf73ce8b0bad5f97,0xfeeeeee44046c3f61a8cc081e0918ef0de0a7ffc,2026-10-04T17:32:33,selfdestruct_context,0x6ac21ae7,true
26118066,0x7350760216613d4f947bf731cb5a717f02c78bb64a5e8d8bf5fda34934d641d2,0x29efd2a001480de2e26b14bdb7263d702904e210,0x2f68417a18da681589f4ea64b9cc9839209acff7,2026-10-04T17:32:33,dense_internal_fund_flow;complex_trace,0xedad400c,true
26118066,0x8dc7e1cb7f899565c59d16a6a7ab89a2cc58219b299dfdb08128a2258cec09aa,0x7cdd73dc46fdba60577b5124f539a931cf515b8f,0x61a2cad6b545983dbddb1de52d338cc319a4903e,2026-10-04T17:32:33,complex_trace;high_gas_used_context,0x8cb91e60,false
26118066,0xa517590c12d4672091b35f3a1094d916691d9440d7c34048c7ebc5621342e9db,0x753163727172e64a99c6f9cfb04cca44b82c396a,0x5228ed975c6bcb53d2e221ba737362fd9add0b60,2026-10-04T17:32:33,dense_internal_fund_flow;complex_trace,0xeffbec13,true
26118066,0xce484f0b648123d2c07c425954c2c3217617c65e0fbd683f4ffb6675becfd48a,0x90d8ddf15d7722e02f92321969530dde4ed69502,0x8feab81d36e7576107d5de0758c1b839be31b4f6,2026-10-04T17:32:33,complex_trace;high_gas_used_context,0xf2c42696,false
26118066,0xeb7ac57b1bce161c8d2823bb044c675cd37e10e7316f4aaa5e7238e558dadfc2,0xf00a6e542068b0d03263b4bb4f3c89d838729791,0x79926bbdb1de1405aa478d9a795fbe56dc92cd7e,2026-10-04T17:32:33,complex_trace;approval_burst,0xf4f51a2f,false
26118067,0x2ccf1c63faeddba53817bfa608d872ec83f1c3b4b4d63276fa81b3ecfd4ddf79,0xbf004bff64725914ee36d03b87d6965b0ced4903,0x4313c378cc91ea583c91387b9216e2c03096b27f,2026-10-04T17:32:33,dense_internal_fund_flow;complex_trace,0xeffbec13,true
26118067,0xcd1052e377dcb5ff3e5caeb1de85847333dbef15ded5dd74da0b21492b6d774e,0x1b2ef4f9f291e2d4939688d09227883d6ace008f,0x4313c378cc91ea583c91387b9216e2c03096b27f,2026-10-04T17:32:33,dense_internal_fund_flow;complex_trace,0xeffbec13,true
26118067,0xf98d2932fca4620066f2bcfa69430ee5a3d03c3b6bb7fa3c660744c4ee6912f6,0x45fd36c9cdd500c1b372d99ba3bd79da0d358504,0x4313c378cc91ea583c91387b9216e2c03096b27f,2026-10-04T17:32:33,dense_internal_fund_flow;complex_trace,0xeffbec13,true
26118067,0x732b12c3529e05cea68cae3f9e93beff586cf7106cc850cbb201e82dbc115523,0xe3c697cfea631801042abbc59079de1a7e4a8187,0x4313c378cc91ea583c91387b9216e2c03096b27f,2026-10-04T17:32:34,dense_internal_fund_flow;complex_trace,0xeffbec13,true
26118067,0x9c45d8880a8db0efd0a94b3cfd94bd88769df075cc265fe4d8dae21801a6260f,0xd8c5b038ec81ded87d58ef3a173a972bd1a67a1a,0x02e5be68d46dac0b524905bff209cf47ee6db2a9,2026-10-04T17:32:34,dense_internal_fund_flow,0x2894adf9,true
26118067,0xa7df1662d4bc92b40e1b24481038e87e77d45aa34f33461888e32843910bd0cc,0xdadb0d80178819f2319190d340ce9a924f783711,0xfeeeeee44046c3f61a8cc081e0918ef0de0a7ffc,2026-10-04T17:32:34,selfdestruct_context,0x6ac21af3,true
26118067,0xaa9a531aa2e30904ce41dbcbb2e2720d597f9750faa96b7639ee1d5b2a35f5f5,0xdadb0d80178819f2319190d340ce9a924f783711,0xfeeeeee44046c3f61a8cc081e0918ef0de0a7ffc,2026-10-04T17:32:34,selfdestruct_context,0x6ac21af3,true
26118067,0xe1e79ba3631faf1c4e5288dc4c8b15fcfc4935ae0b9ad22658123980cab235e8,0xdadb0d80178819f2319190d340ce9a924f783711,0xfeeeeee44046c3f61a8cc081e0918ef0de0a7ffc,2026-10-04T17:32:34,selfdestruct_context,0x6ac21af3,true
26118067,0xea0ba7f398eca74377364a934150c4c33ac1d458cc3424d0071391bb90241e31,0xdadb0d80178819f2319190d340ce9a924f783711,0xfeeeeee44046c3f61a8cc081e0918ef0de0a7ffc,2026-10-04T17:32:34,selfdestruct_context,0x6ac21af3,true
26118067,0xf6925795c53eda980023db5033540e35a0442aa62d81001d6b6e18c9ca8b956a,0xe3c697cfea631801042abbc59079de1a7e4a8187,0x4313c378cc91ea583c91387b9216e2c03096b27f,2026-10-04T17:32:34,dense_internal_fund_flow;complex_trace,0xeffbec13,true
26118068,0x06408c1869f96f80a584a1824a9469264f41ea58d440f03232c31406d5e00464,0x7711f5127422ccb4ab9c0a730a227388ea74c9ba,0x4313c378cc91ea583c91387b9216e2c03096b27f,2026-10-04T17:32:36,dense_internal_fund_flow;complex_trace,0xeffbec13,true
26118068,0x08b50a7c32fffa27edf52cec16c0085d0e104d3800f873e896ad523c1d11154d,0x1b2ef4f9f291e2d4939688d09227883d6ace008f,0x4313c378cc91ea583c91387b9216e2c03096b27f,2026-10-04T17:32:36,dense_internal_fund_flow;complex_trace,0xeffbec13,true
26118068,0x276d040e5460af67d52186333621fcaa5ab143069c8f8305772ecab7b7274d97,0x4838b106fce9647bdf1e7877bf73ce8b0bad5f97,0xfeeeeee44046c3f61a8cc081e0918ef0de0a7ffc,2026-10-04T17:32:36,selfdestruct_context,0x6ac21aff,true
26118068,0x45cdb3f11b7487366e2f081b013167a26cdd93ac8482290beec805721f8b2be4,0x975220656e0245e9dfee27b814f26352161ea62a,0xd523794c879d9ec028960a231f866758e405be34,2026-10-04T17:32:36,dense_internal_fund_flow;complex_trace,0x3a29dbae,true
26118068,0x5001597f4cd02a292139d26847e92521851552cf8052360a2b1b8f98f6043ee9,0xb1550eace04d84a48a67d8ffeee761417323b9f0,0xb4769e9c5be31199a25ecd1b0c6609183fa72521,2026-10-04T17:32:36,dense_internal_fund_flow;complex_trace,0xa11b1198,true
26118068,0x5a2bd2298bc03513efaff5eddfa4c757d4a024ed91c41e44191fd2fa438e497b,0x4838b106fce9647bdf1e7877bf73ce8b0bad5f97,0xfeeeeee44046c3f61a8cc081e0918ef0de0a7ffc,2026-10-04T17:32:36,selfdestruct_context,0x6ac21aff,true
26118068,0xb9c06c1e87f7efa5cf6df30688487982281fd2df9366beb8cf9854fb4842dea0,0x4be7d19afe74e0d87484735263f4467c9fa2865c,,2026-10-04T17:32:36,privileged_execution_context;high_gas_used_context;contract_creation_context,0x60e06040,false
26118068,0xc2b6fed52a3e36349193a8a0f4b4b371fcafc7289ff5b1e3d42df2e170a1d037,0xf41933066baff34cf3652acc94e5cc153db28571,0x9f821c440a67e048a352a7ef9ec29971b2c3f441,2026-10-04T17:32:36,complex_trace;high_gas_used_context,0xcf6af6a2,false
26118068,0xe238fb9b2e1b5538aadccff58f3549b1a20e7486f383057c92c6db9167a41da6,0x43370108f30ee5ed54a9565f37af3be8502903f5,0x0000000071727de22e5e9d8baf0edac6f37da032,2026-10-04T17:32:36,dense_internal_fund_flow;privileged_execution_context;complex_trace;high_gas_used_context;token_activity_burst,0x765e827f,true
26118069,0x0baf82906dc099ac0c6836c44203c900cf5e3eb04fdbd085018c97c1795782a0,0x4ef1f79a3bb79e05e1c0c89c15981ba9fa49adc3,,2026-10-04T17:32:38,selfdestruct_context;contract_creation_context,0x73b6e825,true
26118069,0x14d7bcf6d4f2589b7b49f327700c3fc0467386f967359f3aaeb457569199aa9c,0xb54d3fb735164360bfec2d7fe6be6251c0351701,0xb300000b72deaeb607a12d5f54773d1c19c7028d,2026-10-04T17:32:38,complex_trace;high_gas_used_context;token_activity_burst,0x810c705b,false
26118069,0x7534c1f4c3007370a08e8836fe262b4faa6a88494d18346cd9c2db928a0af14c,0x87c048bd75d4cf695965f3b903fe235486b2e373,0x5228ed975c6bcb53d2e221ba737362fd9add0b60,2026-10-04T17:32:38,dense_internal_fund_flow;complex_trace,0xeffbec13,true
26118069,0xa164fecdf6801c5c9bd14ddc6e23b4f0d463c27aa1152085aa88d7dc1c9f0729,0x5f2320fc2b08a146d26eb91b39e6160b5ea611de,0x5228ed975c6bcb53d2e221ba737362fd9add0b60,2026-10-04T17:32:38,dense_internal_fund_flow;complex_trace,0xeffbec13,true
26118069,0xea3dce404b7f2df4ddbcb0de106c357d854f7c4a4c21f458f7c2ae6ec83d9f5d,0x4549fbf04c84aac0d6ab50fb6e19b2c231415390,0x0000000071727de22e5e9d8baf0edac6f37da032,2026-10-04T17:32:38,complex_trace;high_gas_used_context,0x765e827f,false
26118069,0xa26d420eeda511af059fb7f16d4320d1b0b756caaca9bbe34d91ff046eb040d5,0xdadb0d80178819f2319190d340ce9a924f783711,0xfeeeeee44046c3f61a8cc081e0918ef0de0a7ffc,2026-10-04T17:33:39,selfdestruct_context,0x6ac21b0b,true
26118069,0xabdad07ffe3d6386ee1ec7307c38c3826b24b39abf03982189acd8bd2f748cdc,0x7818badab1c0348800fadc1106552fc5790b5465,0x676f425cc9ea4d19c3da60fc8064c17fb0428a70,2026-10-04T17:33:39,complex_trace;high_gas_used_context,0x9702c487,false
26118069,0xe0a4e4562155a468e8d7f95213411166ff49042399de505bebc3f12723089553,0xdadb0d80178819f2319190d340ce9a924f783711,0xfeeeeee44046c3f61a8cc081e0918ef0de0a7ffc,2026-10-04T17:33:39,selfdestruct_context,0x6ac21b0b,true
26118069,0xe6615ce8cbcc87cc7a0dbd8f8eca382fcd9c2e20a1b204437b1647657848dd90,0xdadb0d80178819f2319190d340ce9a924f783711,0xfeeeeee44046c3f61a8cc081e0918ef0de0a7ffc,2026-10-04T17:33:39,selfdestruct_context,0x6ac21b0b,true
26118070,0x3e0fb12bb5ad32a044d02853bcebf6cf235d0d8b5bf56de005930195c38f8f22,0xc80f8c179539b10b541b31177ca1595c2cf0bd66,0x79926bbdb1de1405aa478d9a795fbe56dc92cd7e,2026-10-04T17:33:40,complex_trace;approval_burst,0xf4f51a2f,false
26118070,0x8db3b8660184e3355b4df76e1ff080163f916de51cd8dab64bce8ca555e97a5b,0x4be7d19afe74e0d87484735263f4467c9fa2865c,,2026-10-04T17:33:40,privileged_execution_context;high_gas_used_context;contract_creation_context,0x60806040,false
26118070,0xbbce17249c68464a751e9e5a9eb744a3785af9a97b6889e705ef8c6432f81c80,0x7711f5127422ccb4ab9c0a730a227388ea74c9ba,0x4313c378cc91ea583c91387b9216e2c03096b27f,2026-10-04T17:33:40,dense_internal_fund_flow;complex_trace,0xeffbec13,true
26118070,0xf0479df5e9adf52eefd309ed9b9708065e4c7216bd4b05cf097dd27c49080e9a,0xd2b11d10d516897e6ce7369a0e73a696777ac313,0x79926bbdb1de1405aa478d9a795fbe56dc92cd7e,2026-10-04T17:33:40,complex_trace;high_gas_used_context;approval_burst,0xf4f51a2f,false
26118070,0xffe7afdfd9fad83f6705cef7e578f09030b6d64965c5b9be74e60f4775fb43ac,0x4838b106fce9647bdf1e7877bf73ce8b0bad5f97,0xfeeeeee44046c3f61a8cc081e0918ef0de0a7ffc,2026-10-04T17:33:40,selfdestruct_context,0x6ac21b17,true
26118070,0xef79918ab178546d92e748bbed0dd96a122a5dc5045537868b566672abe508a4,0xf343067ad6ed9a1fdca41b6594fbc8372315f0a9,0xc6b080ded03c3382476a76345e79f82bd480977b,2026-10-04T17:33:41,complex_trace;high_gas_used_context,0x583a8d81,false
26118070,0x07dd51d234937e93009b57a1502b18069922cf1c1b253c15e70207862c994b51,0xd5aa559da15e87e3f478af14afcc08ef55acbf1e,0x8feab81d36e7576107d5de0758c1b839be31b4f6,2026-10-04T17:33:42,dense_internal_fund_flow;complex_trace;high_gas_used_context,0x0c307f76,true
26118070,0x91d4d4d06ef7a853b694f9bfbea4311c267b814888ef4a7b2b612c659792176e,0x4838b106fce9647bdf1e7877bf73ce8b0bad5f97,0xfeeeeee44046c3f61a8cc081e0918ef0de0a7ffc,2026-10-04T17:33:42,selfdestruct_context,0x6ac21b17,true
26118071,0x25d873739e6651f19e09d61e473312d313e4c2aebeaf3206ef965632c7ae74ee,0xeeefff8ce2710fa490e0fcb794235e873c252d2e,0x4313c378cc91ea583c91387b9216e2c03096b27f,2026-10-04T17:34:13,dense_internal_fund_flow;complex_trace,0xeffbec13,true
26118071,0x5f2a358057010ed64fc37e95d44b0c2b49ccb1583696bc486d29fb928b2045fc,0x6c86d293f19857e51a288bc8ae6d212f6f0afcba,0x91ff8bbd8ebb07893010d50a48a1609e5ebd8e34,2026-10-04T17:34:13,complex_trace;high_gas_used_context,0x069d1525,false
26118071,0x7789ab3ccdbcfc1e012d0caa7d595422416ac3b3ac6689bdaa3193b025a4ce43,0x4838b106fce9647bdf1e7877bf73ce8b0bad5f97,0xfeeeeee44046c3f61a8cc081e0918ef0de0a7ffc,2026-10-04T17:34:13,selfdestruct_context,0x6ac21b23,true
26118071,0xa63ad941aa09ab549ca1eeaacf669b09fc1e5d2a85c4326bd661c5ec0cc129f8,0xf70da97812cb96acdf810712aa562db8dfa3dbef,0xb92fe925dc43a0ecde6c8b1a2709c170ec4fff4f,2026-10-04T17:34:13,dense_internal_fund_flow,0xcd6e13f7,true
26118071,0xaee3c242230d38dc89879dae07d44791e73be9e5711ed347a1fac176eb8981dd,0x5b43453fce04b92e190f391a83136bfbecedefd1,0xbdb3ba9ffe392549e1f8658dd2630c141fdf47b6,2026-10-04T17:34:13,dense_internal_fund_flow;complex_trace;high_gas_used_context;token_activity_burst,0x000000c3,true
26118071,0xe69568e4b53829c9a2d16d5ec8deb0a093553e01b76e3121e6f2fca08bcc5365,0xc80f8c179539b10b541b31177ca1595c2cf0bd66,0x79926bbdb1de1405aa478d9a795fbe56dc92cd7e,2026-10-04T17:34:13,complex_trace;approval_burst,0xf4f51a2f,false
26118071,0xf827f918efb7ad081ed6d711b0a1b13f3ee005d14ee924f9dc22b49f160f6644,0x4d76806ae9fbb428d85259334b4ca6bc876aca46,0x4313c378cc91ea583c91387b9216e2c03096b27f,2026-10-04T17:34:13,dense_internal_fund_flow;complex_trace,0xeffbec13,true
26118072,0x536e3554c2245cb43e187fc3e9f0130c54571e3291b8ce053453a2568c542399,0x7cdd73dc46fdba60577b5124f539a931cf515b8f,0x61a2cad6b545983dbddb1de52d338cc319a4903e,2026-10-04T17:34:15,complex_trace;high_gas_used_context,0x8cb91e60,false
26118072,0x9987e77be349d50c7b19486e62a47ff5145ba33297e76b29b90f890be5bf8901,0x17a10d17fbccce6e2e00ae030e259d3549cfd528,0x85940d36a1f438d4292dd77365d99cc2d1eae3c7,2026-10-04T17:34:15,complex_trace;high_gas_used_context,0xd2fca68a,false
26118072,0xab31dd68d51ffb7c430338b941480ad6b1f00f983872277412a33910ecff19c4,0x9fc3da866e7df3a1c57ade1a97c9f00a70f010c8,0xfeeeeee44046c3f61a8cc081e0918ef0de0a7ffc,2026-10-04T17:34:15,selfdestruct_context,0x6ac21b2f,true
26118072,0xe2ca17e693dbb666b4c173efeadedcbc395f3d799a3a7e012a7a78c739d319f9,0xdb61db256a30f3ef46110b8e2520aaec0db08153,0x0000317bec33af037b5fab2028f52d14658f6a56,2026-10-04T17:34:15,dense_internal_fund_flow;complex_trace,0xe282dcdd,true
26118073,0x0baffde823e5c6d41d5a0f3291814e95e9045f17106a5d61b87cbcb03596340a,0x0607e0064156196d1c844a839d06ed734311c203,0xb300000b72deaeb607a12d5f54773d1c19c7028d,2026-10-04T17:34:16,complex_trace;high_gas_used_context,0x810c705b,false
26118073,0x36813be9f6d2cd81a73895a903e3d3d539d16d0fc7ca76b94d2f415f2169af33,0x5b43453fce04b92e190f391a83136bfbecedefd1,0xbdb3ba9ffe392549e1f8658dd2630c141fdf47b6,2026-10-04T17:34:16,complex_trace;token_activity_burst,0x000000c3,false
26118073,0x6bc6a9e90790d19059cb340c810db2b4ba6624f3900c985ee46155ccfa7e3f4a,0x07f08d2ad4ced407b4bdf704c4ecbdcaf9267a20,0x6131b5fae19ea4f9d964eac0408e4408b66337b5,2026-10-04T17:34:16,complex_trace;high_gas_used_context,0xe21fd0e9,false
26118073,0x99a4630af443c1b6ff03a52fd7e9e50218e9bbcae1fe97a4623d2c1882407ba5,0x4838b106fce9647bdf1e7877bf73ce8b0bad5f97,0xfeeeeee44046c3f61a8cc081e0918ef0de0a7ffc,2026-10-04T17:34:16,selfdestruct_context,0x6ac21b3b,true
26118073,0x9d14240ccfe3919f97b73a8c9bd9a40e4fb5dcdaa4edf7cd9acf43dabf82901d,0x331d9a049d496385998067abf6cbb6371c8d2466,0xccc88a9d1b4ed6b0eaba998850414b24f1c315be,2026-10-04T17:34:16,dense_internal_fund_flow;complex_trace,0x0a2b8f36,true
26118073,0xc261661a3c749c64ef2e6c9c8e77045d0ec4f82f3f3298e9f3e17503f986342a,0x7202932b3be70edf0657d5bada261d610e0d7db9,0x5ff137d4b0fdcd49dca30c7cf57e578a026d2789,2026-10-04T17:34:16,complex_trace;high_gas_used_context,0x1fad948c,false
26118073,0xe90235976c0bcc1e5a3a170edb43fb017c09531912b09e5cabcdc323ce325550,0x0f00505f85e379caceb60cefd2474e314c2f95c6,0x88649f4743a758171077b98ee2003f1989b1615a,2026-10-04T17:34:16,complex_trace;high_gas_used_context,0x3271ba8d,false
26118073,0xef305e257066c32763f4571bff794b8551489db120d072d35b9cdd8acbbad6c8,0x4be7d19afe74e0d87484735263f4467c9fa2865c,,2026-10-04T17:34:16,privileged_execution_context;contract_creation_context,0x60e06040,false
26118074,0x352d265b884f733b0fdfd5954847456026ac94d3c92d826cff10d589eab1678a,0x334ff5c3806536848b1e971e915b5c722391c1d4,,2026-10-04T17:35:19,selfdestruct_context;contract_creation_context,0x732ae1c4,true
26118074,0x5443640fa4ed3f90acab7604adeb3beacf1fb9216f62d41280bb6669b99b7167,0xdadb0d80178819f2319190d340ce9a924f783711,0xfeeeeee44046c3f61a8cc081e0918ef0de0a7ffc,2026-10-04T17:35:19,selfdestruct_context,0x6ac21b47,true
26118074,0x9fe87690170758282bcf4b74f96f7f0d2ce88d8899387bab86fa1ca249d1b31b,0xdadb0d80178819f2319190d340ce9a924f783711,0xfeeeeee44046c3f61a8cc081e0918ef0de0a7ffc,2026-10-04T17:35:19,selfdestruct_context,0x6ac21b47,true
26118074,0xa31b7bb74440e8db9aa5c68af2f54f12c14b2935836e8459dd768646e84c0b01,0xdadb0d80178819f2319190d340ce9a924f783711,0xfeeeeee44046c3f61a8cc081e0918ef0de0a7ffc,2026-10-04T17:35:19,selfdestruct_context,0x6ac21b47,true
26118074,0xcd2abb54afe4948775dc2f77ef1a96420caa36bbaa88567ec19b4337a9a58a31,0x26a6fdc06622895d76ff0557711b08332f51bbc8,0x9008d19f58aabd9ed0d60971565aa8510560ab41,2026-10-04T17:35:19,dense_internal_fund_flow;complex_trace,0x13d79a0b,true
26118074,0xda21abe40ea257c6773feca527faffa24b6fb623abca7e4f83501b183d8a35c1,0xec96848837637deb102b59299ccd92c0ba252f5d,,2026-10-04T17:35:19,selfdestruct_context;contract_creation_context,0x73fd8f30,true
26118075,0x14f5ad12e2ee4c70be1991e8ad8ebf78ce818e4bcf8151160b393645af84cd7a,0x53b54cf62e4185e583c1e0835fba0d8a88fa0bc5,0x79926bbdb1de1405aa478d9a795fbe56dc92cd7e,2026-10-04T17:35:20,complex_trace;high_gas_used_context;approval_burst,0xf4f51a2f,false
26118075,0xbe95177a66390a05181ec411c7528cc9df7ccb973acfcdacf5b6e23ff7faa049,0xada5bb90d0de0bd1b6f3938708f49295a8d1f7cb,0xca11bde05977b3631167028862be2a173976ca11,2026-10-04T17:35:20,dense_internal_fund_flow;complex_trace,0x174dea71,true
26118075,0xc6c947f60c6952c346a4d6138e330ae65517ec9dba462ab86be5daaa4d388930,0x18fbc974b7e504651fea7848739c27aef30805c6,0x4313c378cc91ea583c91387b9216e2c03096b27f,2026-10-04T17:35:20,dense_internal_fund_flow;complex_trace,0xeffbec13,true
26118075,0x4fe59a29953df0c9a9dca1b8b9285e1bba7745743513184473eb228e98b9eaa2,0x4337009be43c7ecc9bfbde0f1780553aa065187e,0x4337084d9e255ff0702461cf8895ce9e3b5ff108,2026-10-04T17:35:51,dense_internal_fund_flow;complex_trace,0x765e827f,true
26118075,0xd8c59c5f08706c1acb035f09b58f24615870b96374c1321f167b97ef719a974b,0x4838b106fce9647bdf1e7877bf73ce8b0bad5f97,0xfeeeeee44046c3f61a8cc081e0918ef0de0a7ffc,2026-10-04T17:35:51,selfdestruct_context,0x6ac21b53,true
26118076,0x047f1428f608d11a5a172f26fa72076da21568cdb0d39dbf9ff909aa4be555bc,0x9cc49476626accffddfdf59af1acfc9ceb2164f4,0x4313c378cc91ea583c91387b9216e2c03096b27f,2026-10-04T17:35:52,dense_internal_fund_flow;complex_trace,0xeffbec13,true
26118076,0x0a8019576bcb4aa565aa65e4218f55302420c8c8a1b2ba7b1e17cb2f6b872280,0xdbda164048acad2ae3fbf22d534d6de526342fb9,0x8feab81d36e7576107d5de0758c1b839be31b4f6,2026-10-04T17:35:52,complex_trace;high_gas_used_context,0x0c307f76,false
26118076,0x8af868c4c6763a84427d55107ffed030eb1425ff3f76f8a0c6498067d43ed6a9,0x4838b106fce9647bdf1e7877bf73ce8b0bad5f97,0xfeeeeee44046c3f61a8cc081e0918ef0de0a7ffc,2026-10-04T17:35:52,selfdestruct_context,0x6ac21b5f,true
26118076,0x9414477d02cf22e52f259ff2d6530ce1468da9f8e6b31765d6fd9e42d7ab4ad4,0x9cc49476626accffddfdf59af1acfc9ceb2164f4,0x4313c378cc91ea583c91387b9216e2c03096b27f,2026-10-04T17:35:52,dense_internal_fund_flow;complex_trace,0xeffbec13,true
26118076,0x98ca9545a037839a3b376b82c39b24b82ce3b27de06c94ae0d20c3a1ce1c40f2,0x811ebabacdaf293e860a66637e5049f8eb36e85e,0x79926bbdb1de1405aa478d9a795fbe56dc92cd7e,2026-10-04T17:35:52,dense_internal_fund_flow;complex_trace;high_gas_used_context;approval_burst,0xf4f51a2f,true
26118076,0xb3857aec16a7bd0030177c971da22bbb5552aa3c3aeb1849904ac291a91ae149,0x23802d20b7adbaecdc0233661014749fef8a16d0,0x3154cf16ccdb4c6d922629664174b904d80f2c35,2026-10-04T17:35:52,dense_internal_fund_flow;complex_trace,0xe11013dd,true
26118076,0xbd47f3657e64626ccba83773b73456cd53d564367cd5b5c021cbbf769d37de5c,0x43370188473a398394e4ba4a7c7cbb2c6265e22a,0x4337084d9e255ff0702461cf8895ce9e3b5ff108,2026-10-04T17:35:52,dense_internal_fund_flow;complex_trace,0x765e827f,true
26118076,0xbff47502985b2632c9879add1b9894f15198409fb90fa25fe2928e80a0edefb1,0xc0ffeebabe5d496b2dde509f9fa189c25cf29671,0xe08d97e151473a848c3d9ca3f323cb720472d015,2026-10-04T17:35:52,complex_trace;high_gas_used_context,0x1d23a9c4,false
26118076,0xce56ebd0dc7209613b363c3c2398fab43b304757f1a57d92cc11c414a744cdd2,0x331d9a049d496385998067abf6cbb6371c8d2466,0xccc88a9d1b4ed6b0eaba998850414b24f1c315be,2026-10-04T17:35:52,dense_internal_fund_flow;complex_trace,0x0a2b8f36,true
26118076,0xd29e28c35f0636cc9f089203cfc84f0a5768de69d1cb9a8073a04b03d934cade,0xc80f8c179539b10b541b31177ca1595c2cf0bd66,0x79926bbdb1de1405aa478d9a795fbe56dc92cd7e,2026-10-04T17:35:52,complex_trace;approval_burst,0xf4f51a2f,false
26118077,0x8fc910985c4bfb02b21e462ce1be0aae0545444dfce85112e110fe334b926285,0xf2c7b932ebbbfed881c375a1cbc1235c9b6e8d09,0x8feab81d36e7576107d5de0758c1b839be31b4f6,2026-10-04T17:36:24,complex_trace;high_gas_used_context,0x0c307f76,false
26118077,0xb505a47a9a80245f1b0394f296bdd1735741512e449243eb18b26f0723dcf73d,0x9c97ee995ee9d19f5afbb2bd979c6ede03000e7f,0x0000000071727de22e5e9d8baf0edac6f37da032,2026-10-04T17:36:24,complex_trace;high_gas_used_context,0x765e827f,false
26118077,0xe3fc60f00534952d7a465eaf0d93e660d3f1ebffb81f8a7297df6099564575e3,0x334ff5c3806536848b1e971e915b5c722391c1d4,,2026-10-04T17:36:24,selfdestruct_context;contract_creation_context,0x735e4b61,true
26118077,0xf1aa35461265dccf2405a5a2aea78e65fa13a34aa44e6373eb4444cbdbe11c8d,0x43370146366cfea21302962ae3a558d72bbcc487,0x4337084d9e255ff0702461cf8895ce9e3b5ff108,2026-10-04T17:36:24,dense_internal_fund_flow;complex_trace,0x765e827f,true
26118077,0xff10480dbc19fd7732962b1696a6aebee559840c4a28c5aa3522359802156d56,0xe7bf0c38e866afb8bc3d3ed11412b43cb193cb46,0x8f5835e9d756c9bd934bce527157a4b0ef3c5cb7,2026-10-04T17:36:24,dense_internal_fund_flow,0x4a7cf362,true
26118077,0x972877153ecbe15187498c0e446ce20b5a25365a901a197970d8c5809bd2d293,0x86e091fc776ac7aa29a0e739811a4178e24c0450,0x3154cf16ccdb4c6d922629664174b904d80f2c35,2026-10-04T17:36:54,dense_internal_fund_flow;complex_trace,0xe11013dd,true
26118077,0x063e0dd6ae58fec640049be837384c30b7efc350e1672f36d5d16e6801fedff4,0xdadb0d80178819f2319190d340ce9a924f783711,0xfeeeeee44046c3f61a8cc081e0918ef0de0a7ffc,2026-10-04T17:36:55,selfdestruct_context,0x6ac21b6b,true
26118077,0x57981f7f3ebfe6e833ca7a75e7b88c8c3553b7f104f6529c548f629fac6a9f83,0xdadb0d80178819f2319190d340ce9a924f783711,0xfeeeeee44046c3f61a8cc081e0918ef0de0a7ffc,2026-10-04T17:36:55,selfdestruct_context,0x6ac21b6b,true
26118077,0xb2e6b37b3670e30a617b8244a15f6ff577502207b842d093214f76c6777b8f0a,0xdadb0d80178819f2319190d340ce9a924f783711,0xfeeeeee44046c3f61a8cc081e0918ef0de0a7ffc,2026-10-04T17:36:55,selfdestruct_context,0x6ac21b6b,true
26118077,0xc9b25fecfab6af0b5ca07bd5af5d29f792f1748756709542d7c55ad244479a8f,0xdadb0d80178819f2319190d340ce9a924f783711,0xfeeeeee44046c3f61a8cc081e0918ef0de0a7ffc,2026-10-04T17:36:55,selfdestruct_context,0x6ac21b6b,true
26118078,0xb49d1b0350a56463a99490aa2c7b4e18ed9ca5de9f121c875c43be374551596f,0x9fc3da866e7df3a1c57ade1a97c9f00a70f010c8,0xfeeeeee44046c3f61a8cc081e0918ef0de0a7ffc,2026-10-04T17:36:57,selfdestruct_context,0x6ac21b77,true
26118078,0xdd5dea1366edd4aff21eadfb8f664a72852aa22b6b071cede5a76c707ad3dd52,0x45fd36c9cdd500c1b372d99ba3bd79da0d358504,0x4313c378cc91ea583c91387b9216e2c03096b27f,2026-10-04T17:36:57,dense_internal_fund_flow;complex_trace,0xeffbec13,true
26118078,0xf3826082f42ecc1abd8961a7b7d6f7240eadcb9fff431ad9f5d4cfa86e33aa0c,0x0cbcac020e4b50c38137c7140560161d77e76acd,0x79926bbdb1de1405aa478d9a795fbe56dc92cd7e,2026-10-04T17:36:57,complex_trace;high_gas_used_context;approval_burst,0xf4f51a2f,false
26118079,0x4aef1f43ee15839b51598f843868d0315b6d0c0636cd0a982ef104728783a6fe,0x4838b106fce9647bdf1e7877bf73ce8b0bad5f97,0xfeeeeee44046c3f61a8cc081e0918ef0de0a7ffc,2026-10-04T17:37:59,selfdestruct_context,0x6ac21b83,true
26118079,0xa159b36e6b6131587d083cba06dd42b28e780f8b21221a2b058f3468f4fb28d3,0xbe0b407782a7599380fa726db315340126d62229,0x4d2fb5f8ec243fde4df1a9678b82238570c7e0e4,2026-10-04T17:37:59,repeated_internal_token_drain;dense_internal_fund_flow;complex_trace;high_gas_used_context;token_activity_burst;repeated_risky_internal_calls,0x6a761202,true
26118079,0xb128cb37d2de1c0c4030ad9b8131e3e495e3bdb9176a9baf14126222e8c27aef,0xc6acbee42e9e323140c1ed060c2f6ea9cc3b4b75,0x7c5a71c9fefbc7691f9d4ac7baf70c743792f716,2026-10-04T17:37:59,selfdestruct_context,0xf3fef3a3,false
26118079,0xcf2e6704797d8755a708d2954b1a83c4801f9378d107566f1f25d32fb20e5c45,0x4838b106fce9647bdf1e7877bf73ce8b0bad5f97,0xfeeeeee44046c3f61a8cc081e0918ef0de0a7ffc,2026-10-04T17:37:59,selfdestruct_context,0x6ac21b83,true
26118079,0xe404766c8c4ae950fab4257b74d649644d09fd977c840f0f56d95cf4d15d1e06,0x7cdd73dc46fdba60577b5124f539a931cf515b8f,0x61a2cad6b545983dbddb1de52d338cc319a4903e,2026-10-04T17:37:59,complex_trace;high_gas_used_context,0x8cb91e60,false
26118079,0xe789136eaa2ed5869dd14ff0ad309ca5b0a7baf8dc564d6b78682913d17a4db7,0x7818badab1c0348800fadc1106552fc5790b5465,0x676f425cc9ea4d19c3da60fc8064c17fb0428a70,2026-10-04T17:37:59,complex_trace;high_gas_used_context,0x9702c487,false
26118080,0x042da9018acaad592d16eed90ee388bb1df79060ae4053f701f3c68acff08b49,0x45fd36c9cdd500c1b372d99ba3bd79da0d358504,0x4313c378cc91ea583c91387b9216e2c03096b27f,2026-10-04T17:38:00,dense_internal_fund_flow;complex_trace,0xeffbec13,true
26118080,0x3529c80cdbf94338f2d522e74edd27f9352c1e8fae52f469a1a01bbb98023cfd,0x1b2ef4f9f291e2d4939688d09227883d6ace008f,0x4313c378cc91ea583c91387b9216e2c03096b27f,2026-10-04T17:38:00,dense_internal_fund_flow;complex_trace,0xeffbec13,true
26118080,0x1707a38327ec53a224c9660bd64e09b25d8c4064d65b244c2e371cb0d6a014ac,0xb3a4bac737ebb02a22a028842e73b6d59ab3fe72,0x9689992f5b5c09447f15906d8d11214944488341,2026-10-04T17:38:01,dense_internal_fund_flow;complex_trace,0x3e0f9c3c,true
26118080,0x50873c18d0604629cd2f9bbd71580f4de548d3216f40697bd63431d740fb4b8e,0x4838b106fce9647bdf1e7877bf73ce8b0bad5f97,0xfeeeeee44046c3f61a8cc081e0918ef0de0a7ffc,2026-10-04T17:38:01,selfdestruct_context,0x6ac21b8f,true
26118080,0x631266e090f82cc1bccb81c2489b522f821c269706ae3fc76e2ab5920b89e447,0x4838b106fce9647bdf1e7877bf73ce8b0bad5f97,0xfeeeeee44046c3f61a8cc081e0918ef0de0a7ffc,2026-10-04T17:38:01,selfdestruct_context,0x6ac21b8f,true
26118081,0xe8f3965e9c74b184aff60a8c743fff937c42fdb530e0a86a404be08eb8e82b22,0xc6acbee42e9e323140c1ed060c2f6ea9cc3b4b75,0x7c5a71c9fefbc7691f9d4ac7baf70c743792f716,2026-10-04T17:38:02,selfdestruct_context,0xf3fef3a3,false
26118081,0xeda9de3363aa1f4395bed8bef93f381a2c1040243f8c2469f54614c7fc4a8d3e,0x4838b106fce9647bdf1e7877bf73ce8b0bad5f97,0xfeeeeee44046c3f61a8cc081e0918ef0de0a7ffc,2026-10-04T17:38:02,selfdestruct_context,0x6ac21b9b,true
26118082,0x2bfa85d767b035b950d371afad9a8a26ca9bba1c557511185b5b5be17c0550f2,0xb8907376abce1a2744b14153e62eb0db94dc021c,0x4313c378cc91ea583c91387b9216e2c03096b27f,2026-10-04T17:39:04,dense_internal_fund_flow;complex_trace,0xeffbec13,true
26118082,0x11cf684f2e70f49e1f259d2ba244c3d7977c1801af3023656beaab360d1c2bbd,0xdadb0d80178819f2319190d340ce9a924f783711,0xfeeeeee44046c3f61a8cc081e0918ef0de0a7ffc,2026-10-04T17:39:05,selfdestruct_context,0x6ac21ba7,true
26118082,0x32f52ae9f401038befa4d53d0cbdeb1c9f07c8b9ebcfb24d50a54cce9541d770,0xdadb0d80178819f2319190d340ce9a924f783711,0xfeeeeee44046c3f61a8cc081e0918ef0de0a7ffc,2026-10-04T17:39:05,selfdestruct_context,0x6ac21ba7,true
26118082,0x8a2d4316d8f431d1481e9ce3e10cbce9ec40d3c1c23bab58c3aa7e489afaa367,0xdadb0d80178819f2319190d340ce9a924f783711,0xfeeeeee44046c3f61a8cc081e0918ef0de0a7ffc,2026-10-04T17:39:05,selfdestruct_context,0x6ac21ba7,true
26118082,0x8b8166b5f44fd8750b1071cf7939ccf1713e9109a7f250cacd0ace3d126fca9e,0xdadb0d80178819f2319190d340ce9a924f783711,0xfeeeeee44046c3f61a8cc081e0918ef0de0a7ffc,2026-10-04T17:39:05,selfdestruct_context,0x6ac21ba7,true
26118082,0xba2d630854053bb23915adf3f84ab56c50bd1bfd9bb592f329350af27744ba16,0x433700890211c1c776c391d414cffd38efdd1811,0x4337084d9e255ff0702461cf8895ce9e3b5ff108,2026-10-04T17:39:05,dense_internal_fund_flow;complex_trace,0x765e827f,true
26118082,0xbfc3dafd2a73c614929c72073584d9bf4c7cc43f94a478687ef3af05644dcf30,0xdadb0d80178819f2319190d340ce9a924f783711,0xfeeeeee44046c3f61a8cc081e0918ef0de0a7ffc,2026-10-04T17:39:05,selfdestruct_context,0x6ac21ba7,true
26118082,0xc355ac78a46935ad15c20d9fa101e1bd0a56c4f01374cfecfc72807730870a74,0x55e90718e097423789dd162ec489e256664bb80b,0x6131b5fae19ea4f9d964eac0408e4408b66337b5,2026-10-04T17:39:05,very_complex_trace;high_gas_used_context;token_activity_burst,0xe21fd0e9,false
26118082,0xf75ce54366522f14e3778cbe85790f14120e0c9f913fccf3e5a4ba8f524549d3,0x933529c08bae2e634df52c63820fed4b70df1a91,0x8414b59bc33efe8a6268e216456aa4841653d8db,2026-10-04T17:39:05,very_complex_trace;high_gas_used_context;token_activity_burst,0x9ad88d15,false
26118083,0x75f5db1f71490c3e0faeba6768e19b00982f02c8ccadf2c0341ce5341aa33d0f,0x53b54cf62e4185e583c1e0835fba0d8a88fa0bc5,0x79926bbdb1de1405aa478d9a795fbe56dc92cd7e,2026-10-04T17:39:07,complex_trace;approval_burst,0xf4f51a2f,false
26118083,0x7cf48ce0cbad8d2e385434473566751e652fac19bfc86e4b3292050f05375a5c,0xc0ffeebabe5d496b2dde509f9fa189c25cf29671,0xe08d97e151473a848c3d9ca3f323cb720472d015,2026-10-04T17:39:07,complex_trace;high_gas_used_context,0x1d23a9c4,false
26118083,0x9127d2c74eb9fc25edd77eb12bcbb201648defdbfe214e86be3b0ce8b5b32951,0x4838b106fce9647bdf1e7877bf73ce8b0bad5f97,0xfeeeeee44046c3f61a8cc081e0918ef0de0a7ffc,2026-10-04T17:39:07,selfdestruct_context,0x6ac21bb3,true
26118083,0x9803a93c46f49f235bd10961e81141f313aad5c1ca73e91b777b62f08303ac6c,0x91b1d6b6118caa28eefb115ba2b1962b874418bb,0x0439e60f02a8900a951603950d8d4527f400c3f1,2026-10-04T17:39:07,dense_internal_fund_flow,0x3ce33bff,true
26118083,0xcda43afe853d6b88f847f0885aec90e146b123b7fefe8c54d8197889e5dc66d7,0x4838b106fce9647bdf1e7877bf73ce8b0bad5f97,0xfeeeeee44046c3f61a8cc081e0918ef0de0a7ffc,2026-10-04T17:39:07,selfdestruct_context,0x6ac21bb3,true
26118084,0x38abb578153277b0226737f6d00f0bd9b7f19ebb09dfd6acc368a1aaf6b067aa,0xb3d4518cadc7054ec43c61a668c21c3772353f9d,0xd64ef1417eb047ed0b54736a5a41f01178c391c6,2026-10-04T17:39:08,dense_internal_fund_flow;very_complex_trace;high_gas_used_context,0x10c07082,true
26118084,0x70c28a9371628211ed60eff485a18e3b999964f57d7cf07e4072b4eb414455aa,0xf3ca731e6765890d9feb503fdfb53e3704494a67,0x4313c378cc91ea583c91387b9216e2c03096b27f,2026-10-04T17:39:08,dense_internal_fund_flow;complex_trace,0xeffbec13,true
26118084,0x9f6e05ac0a3778dc66b0923f2d74a1a2efa3c08391143ad0fbd2afc37f0395d0,0x3a48e912e138f3036cdc34d62d66f0d3131882fa,0xb300000b72deaeb607a12d5f54773d1c19c7028d,2026-10-04T17:39:08,dense_internal_fund_flow;complex_trace,0x810c705b,true
26118084,0x1ecb9c36663f5bd8a75dc47f2dc6c67f4ce980b8484429ab73c64618b503317f,0xc80f8c179539b10b541b31177ca1595c2cf0bd66,0x79926bbdb1de1405aa478d9a795fbe56dc92cd7e,2026-10-04T17:39:09,complex_trace;approval_burst,0xf4f51a2f,false
26118084,0xc9f91b68d2a9036de28d55e6611fe0ed22f8675533077cf80fa1a37eb4c0628a,0x4838b106fce9647bdf1e7877bf73ce8b0bad5f97,0xfeeeeee44046c3f61a8cc081e0918ef0de0a7ffc,2026-10-04T17:39:09,selfdestruct_context,0x6ac21bbf,true
26118085,0x2b2e4a734b5d005eaab6fb626045661b9c6a5db58dde465bb56901dac2a44e6c,0x7cdd73dc46fdba60577b5124f539a931cf515b8f,0x61a2cad6b545983dbddb1de52d338cc319a4903e,2026-10-04T17:39:10,complex_trace;high_gas_used_context,0x8cb91e60,false
26118085,0x542f1780674401cf80410a7137982aedb142771343f7a446fababfa2285b8a57,0x81d50e19dd641bb7db0e2e69c2b7c765c511f67a,0x4313c378cc91ea583c91387b9216e2c03096b27f,2026-10-04T17:39:10,dense_internal_fund_flow;complex_trace,0xeffbec13,true
26118085,0x8b53817d9ac3c547bbb5c418d98fd0fd0120d259bc4984b3cdbe59b1608cb01f,0x4d76806ae9fbb428d85259334b4ca6bc876aca46,0x4313c378cc91ea583c91387b9216e2c03096b27f,2026-10-04T17:39:10,dense_internal_fund_flow;complex_trace,0xeffbec13,true
26118085,0x9c53f60c5bebdff2a2962df3ab7bf7a1870473fc28434fd06381d70262d56b59,0xac3eb99da5ac71eaaf170b35d40ad219dbdbd17c,0x4313c378cc91ea583c91387b9216e2c03096b27f,2026-10-04T17:39:10,dense_internal_fund_flow;complex_trace,0xeffbec13,true
26118085,0xfa1d510bae7297474fcded6bdf103f7c42e60aef5428b49c362107680ae7095a,0x6ae55e7a5ccd6d238685727330058debd4bb8475,0x4313c378cc91ea583c91387b9216e2c03096b27f,2026-10-04T17:39:10,dense_internal_fund_flow;complex_trace,0xeffbec13,true
26118085,0x2f8bfa6880853e9818883553ed0b09239c114ecfd54bcc15b0de8206c1979868,0xdadb0d80178819f2319190d340ce9a924f783711,0xfeeeeee44046c3f61a8cc081e0918ef0de0a7ffc,2026-10-04T17:39:11,selfdestruct_context,0x6ac21bcb,true
26118085,0x6768aaca5d7164cb81444ddaf369cc8209167374016100ef782f828c4db0b3a4,0xdadb0d80178819f2319190d340ce9a924f783711,0xfeeeeee44046c3f61a8cc081e0918ef0de0a7ffc,2026-10-04T17:39:11,selfdestruct_context,0x6ac21bcb,true
26118086,0x0929a4a4c3ec23a43a192d444b9e42c906d07069383959fc59d6cb5ea0705e71,0x4838b106fce9647bdf1e7877bf73ce8b0bad5f97,0xfeeeeee44046c3f61a8cc081e0918ef0de0a7ffc,2026-10-04T17:40:13,selfdestruct_context,0x6ac21bd7,true
26118086,0x34948011820079d3d2641663ba8210a42ef5eb96bedee255314f8f2fb0f0b3ff,0x7ffdb529a55420dc7cab78113aa3f6df1cfe43bc,0x8feab81d36e7576107d5de0758c1b839be31b4f6,2026-10-04T17:40:13,complex_trace;high_gas_used_context,0x0c307f76,false
26118086,0x36308fcd56a1d7d2ec07d17bff583beef9c106a812230410775c6fc6222dbd17,0x4838b106fce9647bdf1e7877bf73ce8b0bad5f97,0xfeeeeee44046c3f61a8cc081e0918ef0de0a7ffc,2026-10-04T17:40:13,selfdestruct_context,0x6ac21bd7,true
26118086,0x453ad50ab8ea8558c505beb9fca71f4abe88027e379e87f44900a723c4d9bb82,0x29579df2a2b1cbd57154725345601ce986b56198,0x4313c378cc91ea583c91387b9216e2c03096b27f,2026-10-04T17:40:13,dense_internal_fund_flow;complex_trace,0xeffbec13,true
26118086,0x90df195654129fc79ca04f233d062f042b009fde12ce572532a2d670bb96cd79,0xae6550b7ad1f24f7344a1a94232943018b568ab1,0x60943cb06b76a24431659165c81a03c16f1c325c,2026-10-04T17:40:13,dense_internal_fund_flow;complex_trace,0x27772d13,true
26118086,0xfe0000cc24037bc922022a5daa4a9c0453a1b745c5adc20f77ecd7127e23a57c,0x4838b106fce9647bdf1e7877bf73ce8b0bad5f97,0xfeeeeee44046c3f61a8cc081e0918ef0de0a7ffc,2026-10-04T17:40:13,selfdestruct_context,0x6ac21bd7,true
26118087,0x15227a64c505f8ad843f9f553566b31aba9accb963eb8ca8fc605d4db3dbcc27,0xdadb0d80178819f2319190d340ce9a924f783711,0xfeeeeee44046c3f61a8cc081e0918ef0de0a7ffc,2026-10-04T17:40:15,selfdestruct_context,0x6ac21be3,true
26118087,0x2ddb0079c28f61ad622a42df32105c83215fee23ff2665e041369800c6545a9a,0x930b88a592a045c428f3d99f7f3e5f95e3967508,0x1103fc560de8b710983e7f3ec09d587f3f848566,2026-10-04T17:40:15,dense_internal_fund_flow,0x02e3d31d,true
26118087,0x2f86fc2e961b6568052bac1384a1462fb2d3d2049e00a74ad016ea877322391f,0xdadb0d80178819f2319190d340ce9a924f783711,0xfeeeeee44046c3f61a8cc081e0918ef0de0a7ffc,2026-10-04T17:40:15,selfdestruct_context,0x6ac21be3,true
26118087,0x5c1987c9d4bb9b08af4f29ac4c40c6c8ed62a63ecc7be63dd6e841677c75a752,0x282069b981feb7db42f318e31c22e43de5f0dd1f,,2026-10-04T17:40:15,selfdestruct_context;contract_creation_context,0x738aca94,true
26118087,0x868ae908b81a8d7077aee62bddb836460e5238b0a7825300c1789de31914a5d3,0x2f0f35765563ba038ba80ffb80d76eb6106b946a,,2026-10-04T17:40:15,large_mint_to_sender;privileged_execution_context;high_gas_used_context;contract_creation_context,0x60806040,true
26118087,0x99007f9c56fea4065f248d7337eff3092ae4b21a29b236983397c564634b4ac5,0xd6ff39cc66bb3b540d9ec3135ba534f843675e81,0x5228ed975c6bcb53d2e221ba737362fd9add0b60,2026-10-04T17:40:15,dense_internal_fund_flow;complex_trace,0xeffbec13,true
26118087,0xbfa353b999106032207c90ee19709fc1bfcc0b18a752de26b287273eb3b1cd67,0xe625bd1ce7e04efeab9007eb32f9b0ab24a6eb1a,0x4313c378cc91ea583c91387b9216e2c03096b27f,2026-10-04T17:40:15,dense_internal_fund_flow;complex_trace,0xeffbec13,true
26118087,0xf547da9ccc437c9aafa25cd4d1fe263b9333d557afcc4d1f52d70cc3d22df1d7,0x4d2fb16f56bee45e89915ea7ca12688bd2fbfc35,0xdd3c81a56a2f9a0501c569a8c794589a8feff821,2026-10-04T17:40:15,dense_internal_fund_flow;complex_trace,0xcff3929f,true
26118088,0x371e80010c9e3979ca935d9dc43fe885fb759f0f896c9225c65442a5786c0dad,0x42061339324f354f602099bb6408f794a794b7fd,0x8feab81d36e7576107d5de0758c1b839be31b4f6,2026-10-04T17:40:17,complex_trace;high_gas_used_context,0xf2c42696,false
26118088,0x81c36f97f270889b592aaff365c360f3a82e5e063c2df59e1aea3b4f0ae89003,0x67c9cc4af1bd9ec25d004d5c94d360009fab163c,0xa9d635ef85bc37eb9ff9d6165481ea230ed32392,2026-10-04T17:40:17,dense_internal_fund_flow;complex_trace,0x13d79a0b,true
26118088,0x870303597e4970c3067a649205908de93dcf812ae88b5c5c0efae7f1c9b6cd64,0x932ced7fbb4cb57e5fbbd2c0a4dd85fa0a7072f0,0x8feab81d36e7576107d5de0758c1b839be31b4f6,2026-10-04T17:40:17,complex_trace;high_gas_used_context,0x0c307f76,false
26118088,0x9c9f27670ee040c84100d9c8dce7fed895aafb60df9808be9186825d36c74e89,0x5b43453fce04b92e190f391a83136bfbecedefd1,0xbdb3ba9ffe392549e1f8658dd2630c141fdf47b6,2026-10-04T17:40:17,dense_internal_fund_flow;complex_trace;high_gas_used_context;token_activity_burst,0x000000c3,true
26118088,0xb0a586e59592138abe5eb6c6c9bfea3c23e12021721b77f48edd83d665c3db0d,0x4838b106fce9647bdf1e7877bf73ce8b0bad5f97,0xfeeeeee44046c3f61a8cc081e0918ef0de0a7ffc,2026-10-04T17:40:17,selfdestruct_context,0x6ac21bef,true
26118088,0xbcdf6cddecd903ee002f39c8e68409286c98e68b113137b9da13d903f5995800,0x4838b106fce9647bdf1e7877bf73ce8b0bad5f97,0xfeeeeee44046c3f61a8cc081e0918ef0de0a7ffc,2026-10-04T17:40:47,selfdestruct_context,0x6ac21bef,true
26118089,0x436166a5c31dd8dc03aa3b5920e61adcb2318d9d78aec3ee8a93eb2ca87d4658,0x4838b106fce9647bdf1e7877bf73ce8b0bad5f97,0xfeeeeee44046c3f61a8cc081e0918ef0de0a7ffc,2026-10-04T17:41:19,selfdestruct_context,0x6ac21bfb,true
26118089,0x675f479b8de5419cd06deb98b3045936f76bf9d8a895b782cfeedad331b087b5,0xabe8f38df58602f396853ec720ecc95e9496afd7,0x8feab81d36e7576107d5de0758c1b839be31b4f6,2026-10-04T17:41:19,complex_trace;high_gas_used_context,0x0c307f76,false
26118089,0xbeaf3d06c29f0d3b6b72b5c0d8097d95cc5bb5dd036ab64183efe20e7e5adaaa,0x76f606d4416f86f636068136ac7980e7802c17df,0xe4ecbade796c6d3c86efdc7cea6814cb0dee56c2,2026-10-04T17:41:19,complex_trace;high_gas_used_context;token_activity_burst,0x8863c721,false
26118089,0xc392036ed30d53e5a03e54586deb41dc38bb1bd2669fd57a116a88cfb7dd7d02,0x7cdd73dc46fdba60577b5124f539a931cf515b8f,0x61a2cad6b545983dbddb1de52d338cc319a4903e,2026-10-04T17:41:19,complex_trace;high_gas_used_context,0x8cb91e60,false
26118089,0xe2ed0a67ce81d59fbc91e05cba47dfba842324e3952d55c0d91caeff3b07ee9c,0x3e89b7f83caa0b983a5067ace7ce9cbcaea65e46,0x8feab81d36e7576107d5de0758c1b839be31b4f6,2026-10-04T17:41:19,complex_trace;high_gas_used_context,0x0c307f76,false
26118090,0x3f4eec8c92507a1c20781588b771681028704af3e72d307ee2c865e7141564da,0x4337007ab182ebe9cdb0bc4b96734c32176d44cc,0x4337084d9e255ff0702461cf8895ce9e3b5ff108,2026-10-04T17:41:21,complex_trace;high_gas_used_context,0x765e827f,false
26118090,0x149652fd36ef7f924a9d123b06c1ce579533ab7b98cea02f24f925b44e3f65b2,0x61e697835cb1bc6f0d3e7fccb83e6b819c066f1e,0xc6b080ded03c3382476a76345e79f82bd480977b,2026-10-04T17:41:22,complex_trace;high_gas_used_context,0x583a8d81,false
26118090,0x5f359d7c6ace3b2bec240b03b13736f73338ac1e90a48a80e944ef91c60b69c9,0x4838b106fce9647bdf1e7877bf73ce8b0bad5f97,0xfeeeeee44046c3f61a8cc081e0918ef0de0a7ffc,2026-10-04T17:41:22,selfdestruct_context,0x6ac21c07,true
26118091,0x3aeabacb5800d545802c6f97e2ebf31a6fc30ed5bff6077b16cc73ad598cf0a4,0x8526e4f21d060ef0ef2e69d2a00392e82eefa63d,0x79926bbdb1de1405aa478d9a795fbe56dc92cd7e,2026-10-04T17:41:23,complex_trace;approval_burst,0xf4f51a2f,false
26118091,0x3cf196fe7030f0cacdfa69af6aa8d905e6972bc9fdf6b2d0e1a12df7474c1545,0x425bbc2cff0c7e7960baa9bac2f0cb67b41d3bef,0xd1a2d9df5db842da2ee81075fa441602b2352915,2026-10-04T17:41:23,complex_trace;high_gas_used_context,0xe3ee963b,false
26118091,0x6ecdb6f364e869e9af58c7b5a3f2872843d07c0d851cb0a5bea62dfcedb82c1f,0x28f08d561bda7bcc25d189d2d464e839e6dc3869,0x79926bbdb1de1405aa478d9a795fbe56dc92cd7e,2026-10-04T17:41:23,complex_trace;approval_burst,0xf4f51a2f,false
26118091,0x6ece815a72b559c646911f67b2c825f21d4dcee1777ec2582239d5d37a10a7a6,0xb3d4518cadc7054ec43c61a668c21c3772353f9d,0xd64ef1417eb047ed0b54736a5a41f01178c391c6,2026-10-04T17:41:23,very_complex_trace;high_gas_used_context,0x10c07082,false
26118091,0xf875079dbdcc41c85a92de61bfdd2ee21b79d9dac6b96ab1915cbc0aa554b7ac,0x0f00505f85e379caceb60cefd2474e314c2f95c6,0x88649f4743a758171077b98ee2003f1989b1615a,2026-10-04T17:41:23,complex_trace;high_gas_used_context,0x3271ba8d,false
26118091,0xe07920ae8cfee9668e847bf90631744c86b6e534444dac753706710343e077e0,0x4838b106fce9647bdf1e7877bf73ce8b0bad5f97,0xfeeeeee44046c3f61a8cc081e0918ef0de0a7ffc,2026-10-04T17:41:53,selfdestruct_context,0x6ac21c13,true
26118092,0x0cfeccde5fdcd42f5bf9cc7ae4be212180bdfd47d0631bb4d107adb9a7519114,0x2eb31ee1b797c2bf75247d39adcef90df1fd9a95,0xd907ce33b4be423823d1cffe80bd147e8b8554c8,2026-10-04T17:41:55,complex_trace;high_gas_used_context,0x980db784,false
26118092,0xdb06b547d7c8bfd32e602a5dc02b7dad86c4186fdaa276c5c44ddec82afe452c,0x4337015333e7c8a3c5af4acd2c4aa4befb0d663c,0x4337084d9e255ff0702461cf8895ce9e3b5ff108,2026-10-04T17:41:55,complex_trace;high_gas_used_context,0x765e827f,false
26118092,0x0ba06f04c82048a7208a46bf2f24a63eb7bcca13d3623dd3262d4dd6677e3b95,0xdadb0d80178819f2319190d340ce9a924f783711,0xfeeeeee44046c3f61a8cc081e0918ef0de0a7ffc,2026-10-04T17:42:25,selfdestruct_context,0x6ac21c1f,true
26118092,0x42e365b04c38485e8ac8a3d522813efdd07b8a2620e5648ba07eb3e02e87b591,0xdadb0d80178819f2319190d340ce9a924f783711,0xfeeeeee44046c3f61a8cc081e0918ef0de0a7ffc,2026-10-04T17:42:25,selfdestruct_context,0x6ac21c1f,true
26118092,0x7e248ec85ddfa0a178c6055c2c4a207c8bed9437c1bd63509f4b7edccf7611ae,0xdadb0d80178819f2319190d340ce9a924f783711,0xfeeeeee44046c3f61a8cc081e0918ef0de0a7ffc,2026-10-04T17:42:25,selfdestruct_context,0x6ac21c1f,true
26118092,0xfb979791b97c3a34a1c91c0335f849e75de99beb9ba5e9e68302561aee2602f6,0xdadb0d80178819f2319190d340ce9a924f783711,0xfeeeeee44046c3f61a8cc081e0918ef0de0a7ffc,2026-10-04T17:42:25,selfdestruct_context,0x6ac21c1f,true
26118094,0x1fc4251ba892557b4a83ace2b0d7126746ae5adc71ae4ff3298182a8577c8a52,0x53b54cf62e4185e583c1e0835fba0d8a88fa0bc5,0x79926bbdb1de1405aa478d9a795fbe56dc92cd7e,2026-10-04T17:42:58,complex_trace;high_gas_used_context;approval_burst,0xf4f51a2f,false
26118094,0x9ea9474f0d83068aa94b706a08ec8b93251870d0a2d012389ee5189cb16dcadf,0xb6c80d69e03dfa7dc87ab8de05b288d2158b3f63,0x03f7724180aa6b939894b5ca4314783b0b36b329,2026-10-04T17:42:58,dense_internal_fund_flow,0x18cbafe5,true
26118094,0xc72de4dc91663c312e3491147613beecffb891683ffc5829ce2faf97fa4d5cd6,0xc6acbee42e9e323140c1ed060c2f6ea9cc3b4b75,0x7c5a71c9fefbc7691f9d4ac7baf70c743792f716,2026-10-04T17:42:58,selfdestruct_context,0xf3fef3a3,false
26118094,0x06113111f6a136447facc99e66602d560d572bceaf3a3139298ebca5fe00a99e,0xdadb0d80178819f2319190d340ce9a924f783711,0xfeeeeee44046c3f61a8cc081e0918ef0de0a7ffc,2026-10-04T17:42:59,selfdestruct_context,0x6ac21c37,true
26118094,0x13d531adbab2212ba850f9ef883c1ba79734bb2b9eb14eec7ecc389886e8827e,0xdadb0d80178819f2319190d340ce9a924f783711,0xfeeeeee44046c3f61a8cc081e0918ef0de0a7ffc,2026-10-04T17:42:59,selfdestruct_context,0x6ac21c37,true
26118094,0x5382c344e7986ea71b88984776e8e03f099c0067f50a70e7d77da92f6cb9f84b,0xb3d4518cadc7054ec43c61a668c21c3772353f9d,0xd64ef1417eb047ed0b54736a5a41f01178c391c6,2026-10-04T17:42:59,dense_internal_fund_flow;very_complex_trace;high_gas_used_context,0x10c07082,true
26118094,0x98027ceeeb2bab3d7d00dab9a725e7f7d35700746429518844297f0271292aa1,0xdadb0d80178819f2319190d340ce9a924f783711,0xfeeeeee44046c3f61a8cc081e0918ef0de0a7ffc,2026-10-04T17:42:59,selfdestruct_context,0x6ac21c37,true
26118094,0xbae72ca32afb51b878af50fc8cf0275dd119790e8a3a780078aacc1a7cba6328,0x82e68e9f07b170f051fbdc3d9f98c98a68b187c8,0x8feab81d36e7576107d5de0758c1b839be31b4f6,2026-10-04T17:42:59,complex_trace;high_gas_used_context,0x0c307f76,false
26118095,0x3edd6d25d57b32b5bab0de8608d87e14a9cf4f345d6fb53d7176ad399ec902ef,0x28f08d561bda7bcc25d189d2d464e839e6dc3869,0x79926bbdb1de1405aa478d9a795fbe56dc92cd7e,2026-10-04T17:43:01,complex_trace;approval_burst,0xf4f51a2f,false
26118095,0x5dd93499965fe4704d4283ee07abaa203f1a02e294555c72dab57efff545eb3e,0x21378e678a111691a60fa688c72d61439e124c8f,0xcb0151ac9479a6a0261622baa63ae843c9793d45,2026-10-04T17:43:01,complex_trace;approval_burst,0x64cd187f,false
26118095,0x6414105fd2a13a73d42455a8f6fee71c78a57cac2900255a5f04ba233bc7f808,0x4838b106fce9647bdf1e7877bf73ce8b0bad5f97,0xfeeeeee44046c3f61a8cc081e0918ef0de0a7ffc,2026-10-04T17:43:01,selfdestruct_context,0x6ac21c43,true
26118095,0xb14192315936c5cc756b0544ba35d1b0ebe52261d971de30ce241236a3b28abd,0x17daac6836cc2b53c7e4af260b7ed8fa041018f7,0x337685fdab40d39bd02028545a4ffa7d287cc3e2,2026-10-04T17:43:01,complex_trace;high_gas_used_context,0xfa74fd43,false
26118095,0xcf80d3106a1db4f40e545c0a614515bdbf6cefb375c7f61c9a7681b6bd4af9d3,0x4838b106fce9647bdf1e7877bf73ce8b0bad5f97,0xfeeeeee44046c3f61a8cc081e0918ef0de0a7ffc,2026-10-04T17:43:01,selfdestruct_context,0x6ac21c43,true
26118095,0xd236a18dd6573ab173cf43a442c86a181ee5270cb5cf67e02a125cfeb52bf1d8,0x76f606d4416f86f636068136ac7980e7802c17df,0xe4ecbade796c6d3c86efdc7cea6814cb0dee56c2,2026-10-04T17:43:01,complex_trace;high_gas_used_context;token_activity_burst,0x8863c721,false
26118096,0x4b641dd34de0841013592be5a52f6c1c580845a37480f046c8735fe540899ad7,0xa726d9226a75b963e854e919f2ea409c9ca9b182,0x8feab81d36e7576107d5de0758c1b839be31b4f6,2026-10-04T17:43:01,complex_trace;high_gas_used_context,0x0c307f76,false
26118097,0x4ced7cb09abc88027fd6d4c5fdfb29f5a9ebed56a46c5bb2e618bd1d02496572,0x53c60e312c7f3d9fc15c7c021c6348364f1bafd1,0x4313c378cc91ea583c91387b9216e2c03096b27f,2026-10-04T17:43:33,dense_internal_fund_flow;complex_trace,0xeffbec13,true
26118097,0x82d58c269c5eda7d5faefdbbd1ca79ed0facb1030bc6464d80a6a7fbd3729489,0xb5a2a4fe64356184c420e190778d70f94ae629ab,0x4313c378cc91ea583c91387b9216e2c03096b27f,2026-10-04T17:43:33,dense_internal_fund_flow;complex_trace,0xeffbec13,true
26118097,0xbb0d9d62d3db7df2cf041deb4be0c58f6695b0725c1140eca2fb8a1c27ed19a9,0x89f6403e10b81931b99a25792ea3568bd5643302,0x4313c378cc91ea583c91387b9216e2c03096b27f,2026-10-04T17:43:33,dense_internal_fund_flow;complex_trace,0xeffbec13,true
26118097,0xa0a77240dadf02259e9585954178838bcda9f9b26ffccff57901371a56d23e5e,0xc6acbee42e9e323140c1ed060c2f6ea9cc3b4b75,0x7c5a71c9fefbc7691f9d4ac7baf70c743792f716,2026-10-04T17:43:34,selfdestruct_context,0xf3fef3a3,false
26118097,0xdb8f9cb9a894038c822eaa4fc1bc4ac0d4248b9dd6216328439c97a1d004e840,0x4838b106fce9647bdf1e7877bf73ce8b0bad5f97,0xfeeeeee44046c3f61a8cc081e0918ef0de0a7ffc,2026-10-04T17:43:34,selfdestruct_context,0x6ac21c5b,true
26118098,0xfb386d7b78e1f6332c75cd0e6b9d97323595b54e196211337f9efc112c6f7de3,0x9a690f734849e54685735d5d44bb1981b2b6b8af,0xb300000b72deaeb607a12d5f54773d1c19c7028d,2026-10-04T17:43:36,complex_trace;high_gas_used_context,0x810c705b,false
26118098,0x30932f7dd9df2d94c0dacd18abd635abc9e32014f59c4d4ca4a532cc2752dc13,0x396343362be2a4da1ce0c1c210945346fb82aa49,0xfeeeeee44046c3f61a8cc081e0918ef0de0a7ffc,2026-10-04T17:44:06,selfdestruct_context,0x6ac21c67,true
26118098,0x4fd2bcd82501a2b76278d6b0483481631f60ad16d777b0139db1950d376089cc,0x396343362be2a4da1ce0c1c210945346fb82aa49,0xfeeeeee44046c3f61a8cc081e0918ef0de0a7ffc,2026-10-04T17:44:06,selfdestruct_context,0x6ac21c67,true
26118098,0x74a002ffbd71cebe909e12016ceec3d5bdf864133af566ec0e17160365fe66d5,0x07ae8551be970cb1cca11dd7a11f47ae82e70e67,0x998d7c178a1f9607b47ea3a8e22426451b3ce707,2026-10-04T17:44:06,dense_internal_fund_flow;complex_trace,0xe3a64e34,true
26118098,0xad2c98936d26b2c169bc88c842f50772112cc83f9a2154891c30bf1b4100eb57,0x396343362be2a4da1ce0c1c210945346fb82aa49,0xfeeeeee44046c3f61a8cc081e0918ef0de0a7ffc,2026-10-04T17:44:06,selfdestruct_context,0x6ac21c67,true
26118098,0xc210234c80cc32d58f08caa91cf8a3f484096a63ef061d4c88df02b84eec7455,0x396343362be2a4da1ce0c1c210945346fb82aa49,0xfeeeeee44046c3f61a8cc081e0918ef0de0a7ffc,2026-10-04T17:44:06,selfdestruct_context,0x6ac21c67,true
26118098,0xd47219ecf19b2d3d1fbcea028dda8167511e47cb2d32462e67035071cba40794,0x2e6af37e537f2d1b660cbbea22da2e1d354d0a63,0x3a7fcce588740c4fd0e391717e2c72b34e835151,2026-10-04T17:44:06,complex_trace;token_activity_burst,0x87d0e8ea,false
26118099,0x18c91def604b51f0c808191d7dc53d181b40cb5cc6cae90f5f506c3feb9502b4,0x61e697835cb1bc6f0d3e7fccb83e6b819c066f1e,0x4313c378cc91ea583c91387b9216e2c03096b27f,2026-10-04T17:44:08,dense_internal_fund_flow;complex_trace,0xeffbec13,true
26118099,0x727f0cfa3e9a5f520b4df748937fdc13153ec2a049164129d1b6f8a017048b8e,0x8526e4f21d060ef0ef2e69d2a00392e82eefa63d,0x79926bbdb1de1405aa478d9a795fbe56dc92cd7e,2026-10-04T17:44:08,complex_trace;approval_burst,0xf4f51a2f,false
26118099,0x7c7277eaa48d05ccff1cbfd6753ef7d1093b01c8b5c31eebaa270f980469a022,0x5b43453fce04b92e190f391a83136bfbecedefd1,0xbdb3ba9ffe392549e1f8658dd2630c141fdf47b6,2026-10-04T17:44:08,complex_trace;high_gas_used_context;token_activity_burst,0x000000c3,false
26118099,0xbc2b918691d6c3c6de2adf7f49ca80a754c0530dfdc20fcaeeb60096d32e70e6,0x4838b106fce9647bdf1e7877bf73ce8b0bad5f97,0xfeeeeee44046c3f61a8cc081e0918ef0de0a7ffc,2026-10-04T17:44:08,selfdestruct_context,0x6ac21c73,true
26118100,0x1543efba5bf879a60f65bdeb3ddc4c77354595d46e276317b7b9c7c5e6a2c6db,0x976a1e9c697aff4178836008c8bf68f72ab6ecc9,0x4313c378cc91ea583c91387b9216e2c03096b27f,2026-10-04T17:44:09,dense_internal_fund_flow;complex_trace,0xeffbec13,true
26118100,0x551db2bc6de417d7a3f18a520a2dd044d6834296de1887d73afa4d1f58163bd4,0xdd2d158a5083ef7d32f059c312eebb788867ad24,0xcb0151ac9479a6a0261622baa63ae843c9793d45,2026-10-04T17:44:09,complex_trace;high_gas_used_context;approval_burst,0x64cd187f,false
26118100,0x6da13fa3d675bc4edacc723fc824f4efb4a5f13a21d41b808bcc319ad9700019,0xb0b8a1ec009684a5739f94b7378aaeb55be09698,0x4313c378cc91ea583c91387b9216e2c03096b27f,2026-10-04T17:44:09,dense_internal_fund_flow;complex_trace,0xeffbec13,true
26118100,0x7b13e33919767763111beb2876981f8151d352738c5a2f2cc03a76c9758c3279,0x568033d6207c0f4f935850968c1e923c43f0f629,0x4313c378cc91ea583c91387b9216e2c03096b27f,2026-10-04T17:44:09,dense_internal_fund_flow;complex_trace,0xeffbec13,true
26118100,0xb1bd784f955635b23eaee43f9d4b0b7bbe607ce043cea727ffb5de3c9d586769,0x76f606d4416f86f636068136ac7980e7802c17df,0xe4ecbade796c6d3c86efdc7cea6814cb0dee56c2,2026-10-04T17:44:09,complex_trace;high_gas_used_context;token_activity_burst,0x8863c721,false
26118100,0xc638710c40d81798c247e48ce24e9a0240d42a6aeb1aa468001edb267ca39f56,0xead3f93ff737a1be0c8a11529f3c034b44549bb1,0x4313c378cc91ea583c91387b9216e2c03096b27f,2026-10-04T17:44:09,dense_internal_fund_flow;complex_trace,0xeffbec13,true
26118100,0xf0eedae363c6c51343e8f648e3dd2e87c80e497a6ccde12152b0bcf488436180,0x45fd36c9cdd500c1b372d99ba3bd79da0d358504,0x4313c378cc91ea583c91387b9216e2c03096b27f,2026-10-04T17:44:09,dense_internal_fund_flow;complex_trace,0xeffbec13,true
26118100,0x0db3a86ac8e393f9928f9e99bd0c8281a10d95359773d4bf7b8fdf63f6d8e6c7,0xdadb0d80178819f2319190d340ce9a924f783711,0xfeeeeee44046c3f61a8cc081e0918ef0de0a7ffc,2026-10-04T17:44:10,selfdestruct_context,0x6ac21c7f,true
26118100,0xd8107daa6c61daa5faf3f0048181b4cd0e9fc3ac29605a9f5490fbe9e70264d6,0xdadb0d80178819f2319190d340ce9a924f783711,0xfeeeeee44046c3f61a8cc081e0918ef0de0a7ffc,2026-10-04T17:44:10,selfdestruct_context,0x6ac21c7f,true
26118100,0xdf79de84014e6f5e951873011cd88749e85bbdc035d738375d7587e0004544cf,0xdadb0d80178819f2319190d340ce9a924f783711,0xfeeeeee44046c3f61a8cc081e0918ef0de0a7ffc,2026-10-04T17:44:10,selfdestruct_context,0x6ac21c7f,true
26118100,0xf444914518693aecbac96f8c0c45cd0b6921f52cc576ed84153b48badb7a5722,0xdadb0d80178819f2319190d340ce9a924f783711,0xfeeeeee44046c3f61a8cc081e0918ef0de0a7ffc,2026-10-04T17:44:10,selfdestruct_context,0x6ac21c7f,true
26118101,0x5a9ee7d102bdbe37461887faca67f12e57066e6acf8ef6e2f1d434d3d26ed21b,0x4838b106fce9647bdf1e7877bf73ce8b0bad5f97,0xfeeeeee44046c3f61a8cc081e0918ef0de0a7ffc,2026-10-04T17:44:11,selfdestruct_context,0x6ac21c8b,true
26118101,0xe0a3aafb60edb7472abdd61098378b031ab27a83e37e334b03413c25f0aa1f78,0xdf2968383a3872e5036cd73fb411d0dabb224253,0x00000000e91fc5bad977c0cc4ad60557c06886a2,2026-10-04T17:44:11,dense_internal_fund_flow;complex_trace,0x1dcd4dad,true
