block_num,tx_hash,from,to,detect_time,attack_signals,selector,has_asset_impact
25966002,0xced011c4b13a9c524e5061f56dcf379542ad93a1f35d8ea10e14b54061fc54e2,0x7830c87c02e56aff27fa8ab1241711331fa86f43,0xa9d1e08c7793af67e9d92fe308d5697fb81d3e43,2026-09-13T12:15:15,dense_internal_fund_flow,0x1a1da075,true
25966002,0x169a98836267a9398c56294c4fc3f023c493c34b35a5029da0560e7e4a372303,0xed875fa33330a65cd95c3fa50a1bf3ef7f0d1c25,0x6131b5fae19ea4f9d964eac0408e4408b66337b5,2026-09-13T12:15:17,large_erc20_asset_flow;complex_trace;high_gas_used_context;token_activity_burst,0xe21fd0e9,true
25966002,0x1f3eecece208cb8fa1b229b7a0c845e6c5818b13fd8225ab023d74dcc51aa76b,0x883a95fdf8df78e7128fced0e9d931a687ff542f,0x6f714629052538051c41d5965369bec0eea594e3,2026-09-13T12:15:17,complex_trace;high_gas_used_context,0x586146e0,false
25966002,0xee625f0ea877da771de1c1292ef3519fdd22759ed10ce71bed900205b04400be,0xb6ef56a97bc34df8e1b31d82f8e92a1d0fefcabf,0x4313c378cc91ea583c91387b9216e2c03096b27f,2026-09-13T12:15:17,dense_internal_fund_flow;complex_trace,0xeffbec13,true
25966002,0x09e0f72948127f479f42b6ac3cc057ecbab585a12b6647de83c3b8ca9df7edc6,0xbe0b407782a7599380fa726db315340126d62229,0x4d2fb5f8ec243fde4df1a9678b82238570c7e0e4,2026-09-13T12:15:46,high_gas_used_context;token_activity_burst,0x6a761202,false
25966002,0x54dede58a47f352893a3e1868675f10e5fef49cfcc92b8fc8c47301f18c69dc4,0x2c0c5d6c0a86a0e10dfe77bfe500117498fdf862,0xd33483cef1079c0912d31db73c7a4ed7556e9385,2026-09-13T12:15:49,repeated_internal_token_drain;dense_internal_fund_flow;very_complex_trace;high_gas_used_context;token_activity_burst;repeated_risky_internal_calls,0x62cc6b74,true
25966002,0xc5588fd6c85b72634d7350170424e9d61c33b6690584d26336f62e67ae382fc8,0x99ca052fd64dd07ef904410861556163bb839f7d,0xc10fc8fa761285fa3fa25aafcc10a54456ee8919,2026-09-13T12:15:49,complex_trace;high_gas_used_context,0xa9059cbb,false
25966002,0xe0a15d4b51df150de15020ff99070d190740a3b999a4b599f9b7def4bfdf54be,0xac5c669377e6e0a70acaa91c43452e0d4166f542,0x6f82574738a1a91fa7c04a913447a6e7d66e21b0,2026-09-13T12:15:49,complex_trace;approval_burst,0x418f0200,false
25966002,0xf13acd94ce20b9dae445678e63088bada46b8cb9e0a78a6d5d79630ed3a63542,0xac5c669377e6e0a70acaa91c43452e0d4166f542,0x6f82574738a1a91fa7c04a913447a6e7d66e21b0,2026-09-13T12:15:49,complex_trace;approval_burst,0x418f0200,false
25966002,0xfa2b0a776a09210292ebf777cd97be5c1b304d0f68b1296352bac183ab4911e5,0x4838b106fce9647bdf1e7877bf73ce8b0bad5f97,0xfeeeeee44046c3f61a8cc081e0918ef0de0a7ffc,2026-09-13T12:15:49,selfdestruct_context,0x6aa620f7,true
25966003,0x2a94acae06892763bc43db199dd4a08d4346fd34fd6964fc56568baa8065e53d,0x883a95fdf8df78e7128fced0e9d931a687ff542f,0x4ebc36dcee3ca916ff4157b51c2a16105a3774b5,2026-09-13T12:15:50,complex_trace;high_gas_used_context,0x1749e1e3,false
25966003,0x080bff5edebc8fd15e611e337099d9dc16e8047a6cceb04612fb6ccaae6a3df6,0x5b49289ffb3aec48df4d65b39e2c33dcf621a1a9,0xc10fc8fa761285fa3fa25aafcc10a54456ee8919,2026-09-13T12:15:51,complex_trace;high_gas_used_context,0xa9059cbb,false
25966003,0x0d55e5e42cf5966e0f8aa5d7ae3c4742337af1730f2870bdc6dbfe18cb684aad,0x59aab1bd0d26290274398c07b55955c15425e16b,0x00fe78205f5f0e63b8ad2b2ae5337f538a610e04,2026-09-13T12:15:51,complex_trace;high_gas_used_context,0x34fcd5be,false
25966003,0x4b98e8c84fc5373f7a98d70b97541431a20f754592976cf587162c8aff9c38dd,0xf70da97812cb96acdf810712aa562db8dfa3dbef,0xccc88a9d1b4ed6b0eaba998850414b24f1c315be,2026-09-13T12:15:51,large_erc20_asset_flow;complex_trace,0x0a2b8f36,true
25966003,0x88b500e3ae95e759ec06fc23ae7b2394db130e9749749d9c20f4fdacd04738b3,0xfffffee6d1b0585e45a55b89c27aeb8c00efb44a,0xfc9cac67e02db61b6d5a36f2e00941a2f40970d4,2026-09-13T12:15:51,complex_trace;high_gas_used_context;token_activity_burst;approval_burst,0x760f2a0b,false
25966003,0x8ff9479974bc28568460d073f40cd0cd3566cf37ce65754ea831b7a9f22a01f0,0x59aab1bd0d26290274398c07b55955c15425e16b,0x00fe78205f5f0e63b8ad2b2ae5337f538a610e04,2026-09-13T12:15:51,complex_trace;high_gas_used_context,0x34fcd5be,false
25966003,0xc09a15b17bf963cb545ceb01238a411dd5ac522283c4d14c4ca5f704fba99754,0x4838b106fce9647bdf1e7877bf73ce8b0bad5f97,0xfeeeeee44046c3f61a8cc081e0918ef0de0a7ffc,2026-09-13T12:15:51,selfdestruct_context,0x6aa62103,true
25966003,0xd86ba6a7bb9ce51dea611f2c49be3bc0c2018a23163466789b8780f175e62891,0xd49a2cc7bf14100ad9d3e8e2d22cbedd692165c9,0xc10fc8fa761285fa3fa25aafcc10a54456ee8919,2026-09-13T12:15:51,complex_trace;high_gas_used_context,0xa9059cbb,false
25966003,0xec634417779746ffbc3f0ed13b70060679e931f2af3891051d492e4d30aa2012,0x2c0c5d6c0a86a0e10dfe77bfe500117498fdf862,0xd33483cef1079c0912d31db73c7a4ed7556e9385,2026-09-13T12:15:51,repeated_internal_token_drain;dense_internal_fund_flow;very_complex_trace;high_gas_used_context;token_activity_burst;repeated_risky_internal_calls,0x62cc6b74,true
25966004,0x24bd5ecf61be24107fc6e414fc5b1ada6c77c7e6abdd6821b0579be1e263ac30,0x0e3cd0614d3a08bb7fee3f02fa20933b021705b6,0x95e9fc738e9c94e730536c6f28c88295d3374466,2026-09-13T12:16:53,complex_trace;high_gas_used_context,0x3758361b,false
25966004,0x2f62646da4649d75bbbcb2b552a7d5984101ff292eb8a2e70185154132b465a4,0x2058e313525afea0dc2bcd2533a4fc18844d134c,0xc10fc8fa761285fa3fa25aafcc10a54456ee8919,2026-09-13T12:16:53,complex_trace;high_gas_used_context,0xa9059cbb,false
25966004,0x35e24a9d65877f4afc5806cc35b60387dec749718eabee6037d58ceba10d243a,0xbe0b407782a7599380fa726db315340126d62229,0x4d2fb5f8ec243fde4df1a9678b82238570c7e0e4,2026-09-13T12:16:53,repeated_internal_token_drain;dense_internal_fund_flow;complex_trace;high_gas_used_context;token_activity_burst;repeated_risky_internal_calls,0x6a761202,true
25966004,0xa421e39ac260744d430a0ab7193fd1adc94979ff874ff2ba01e33347aa0f92ec,0x1991e669e935e8c8ed30e8ba27aac19219544404,0x10f4c55aa15bf3ddcb3b8ac621a8db2649799da3,2026-09-13T12:16:53,large_erc20_asset_flow;complex_trace;high_gas_used_context,0x036b0313,true
25966004,0xaaf007c1ba6d764c8129eef94b8d9981f97be0138b01ac0e6a5e31e7ddcea041,0x59aab1bd0d26290274398c07b55955c15425e16b,0x00fe78205f5f0e63b8ad2b2ae5337f538a610e04,2026-09-13T12:16:53,complex_trace;high_gas_used_context,0x34fcd5be,false
25966004,0xea3d8c5af88cb170eea87c126e647ba288ef6cada5ed6df6132925a94d5d6489,0xed0896aaa00b60387f22647278b8cddf2f3ee00d,0xd15e62e64c1265dfb753ed6e7c76cb5ff8f276c7,2026-09-13T12:16:53,large_erc20_asset_flow;complex_trace,0xe9ae5c53,true
25966004,0x6e3795f1e6f1431cd856af270b0eac84c42e1f58e233388be0980497730e1230,0x4838b106fce9647bdf1e7877bf73ce8b0bad5f97,0xfeeeeee44046c3f61a8cc081e0918ef0de0a7ffc,2026-09-13T12:16:57,selfdestruct_context,0x6aa6210f,true
25966004,0x779b44d04c24a415d8e450a30caccda967c91ae78d4d412a524fe5f7135225ec,0x2c0c5d6c0a86a0e10dfe77bfe500117498fdf862,0xd33483cef1079c0912d31db73c7a4ed7556e9385,2026-09-13T12:16:57,repeated_internal_token_drain;dense_internal_fund_flow;very_complex_trace;high_gas_used_context;token_activity_burst;repeated_risky_internal_calls,0x62cc6b74,true
25966004,0x7b7f2edf6931994850874a1cafe37c292a5c0df521ad57b20cc41ed701ed6290,0x4337002c5702ce424cb62a56ca038e31e1d4a93d,0x0000000071727de22e5e9d8baf0edac6f37da032,2026-09-13T12:16:57,privileged_execution_context;complex_trace;high_gas_used_context,0x765e827f,false
25966004,0xb69b33a0e1b15a8766d32957511f0fee5ab26ec23478fe24b5ce644eb87111d3,0x1feed341f68ae6812b30e139ab074182ea4e3830,0x9e9110cfd24cd851ea5bc73a27975b33e308f9e1,2026-09-13T12:16:57,large_erc20_asset_flow,0xeb7499cf,true
25966005,0x65f0fa8b8b2eb54d33862a21eaeba365b74bc74330cec2a097b91c5ef8f56d2f,0x18d1ebcb282842fc214e71507ef36f1550f2a7b5,0x4c82d1fbfe28c977cbb58d8c7ff8fcf9f70a2cca,2026-09-13T12:16:58,dense_internal_fund_flow;complex_trace;high_gas_used_context;token_activity_burst,0x3593564c,true
25966005,0x3fa4be817f6afd9c5e2bc206eeb5a1a3c9a12be256432d7e0fcaed35ee1cf908,0x4838b106fce9647bdf1e7877bf73ce8b0bad5f97,0xfeeeeee44046c3f61a8cc081e0918ef0de0a7ffc,2026-09-13T12:17:28,selfdestruct_context,0x6aa6211b,true
25966005,0x60a54c67c2b37bb1e3b5882ce9fc2c2f34da6773cc4ad76c8dea75b43b636ffe,0x4337007ab182ebe9cdb0bc4b96734c32176d44cc,0x0000000071727de22e5e9d8baf0edac6f37da032,2026-09-13T12:17:28,privileged_execution_context;complex_trace;token_activity_burst,0x765e827f,false
25966005,0x7f516fd8a4c25a93c4ed8653cb3f74953524d4f004e329d29a4d4d5c6a026d4b,0xed875fa33330a65cd95c3fa50a1bf3ef7f0d1c25,0x6131b5fae19ea4f9d964eac0408e4408b66337b5,2026-09-13T12:17:28,large_erc20_asset_flow;complex_trace,0xe21fd0e9,true
25966005,0xa1c38e6f54021605a28f6f27356deef0eca5d74bef98114e2eb8dfacb0531df6,0x99ca052fd64dd07ef904410861556163bb839f7d,0xc10fc8fa761285fa3fa25aafcc10a54456ee8919,2026-09-13T12:17:28,complex_trace;high_gas_used_context,0xa9059cbb,false
25966005,0xb36fb045c57cc5f9ba70388576dcd0c2c9fb28727f4a370702cadac54d8ffa1f,0xe3009dfb2e76b6d5b076d2f11a90d80747ea467f,0xc10fc8fa761285fa3fa25aafcc10a54456ee8919,2026-09-13T12:17:28,complex_trace;high_gas_used_context,0xa9059cbb,false
25966005,0xc47ec571beb099a16e17025d883a095fd441c2d23f188e5cdd3f8aa7d518e058,0x4838b106fce9647bdf1e7877bf73ce8b0bad5f97,0xfeeeeee44046c3f61a8cc081e0918ef0de0a7ffc,2026-09-13T12:17:28,selfdestruct_context,0x6aa6211b,true
25966005,0xe4021ded9145f6869263fa08358c30e9c581cd3eddfb62ad080f9887347c09be,0xd5f9da6d8d2be3695d9cbb0786dbf661785cfc91,0xb300000b72deaeb607a12d5f54773d1c19c7028d,2026-09-13T12:17:28,dense_internal_fund_flow;complex_trace;high_gas_used_context;token_activity_burst,0x810c705b,true
25966005,0xfca1fb2576073fecd9e57d186806004f50054238b2f8b037174517fdf92e2185,0x59aab1bd0d26290274398c07b55955c15425e16b,0x00fe78205f5f0e63b8ad2b2ae5337f538a610e04,2026-09-13T12:17:28,complex_trace;high_gas_used_context,0x34fcd5be,false
25966006,0x2fa5100a3d77f3e6af5a4568e2a4b901e185827d8c71b0ae8007d2e712b8b69c,0x43370146366cfea21302962ae3a558d72bbcc487,0x0000000071727de22e5e9d8baf0edac6f37da032,2026-09-13T12:17:30,privileged_execution_context;complex_trace,0x765e827f,false
25966006,0x44acb6f323e6f75ed0670772faa50f6d03ec509f348d7b5d5ff751b1726b44aa,0x4838b106fce9647bdf1e7877bf73ce8b0bad5f97,0xfeeeeee44046c3f61a8cc081e0918ef0de0a7ffc,2026-09-13T12:17:30,selfdestruct_context,0x6aa62127,true
25966006,0x5301bd7266267f66bbcbc4ecc3d644aacda9ba2619eb3b046a7ab8fc5c38f86e,0xd49a2cc7bf14100ad9d3e8e2d22cbedd692165c9,0xc10fc8fa761285fa3fa25aafcc10a54456ee8919,2026-09-13T12:17:30,complex_trace;high_gas_used_context,0xa9059cbb,false
25966006,0xc2e2cb34ddcd4fb8ddde7a99bb8b1743ac83b6cf72e63be5450fe8e7140da33e,0x59aab1bd0d26290274398c07b55955c15425e16b,0x00fe78205f5f0e63b8ad2b2ae5337f538a610e04,2026-09-13T12:17:30,complex_trace;high_gas_used_context,0x34fcd5be,false
25966006,0xd62ce172ec854d20e1bf8e098d5954fd8b0c8a07a21c158156fbe5b8c00d8526,0x5b49289ffb3aec48df4d65b39e2c33dcf621a1a9,0xc10fc8fa761285fa3fa25aafcc10a54456ee8919,2026-09-13T12:17:30,complex_trace;high_gas_used_context,0xa9059cbb,false
25966006,0xe1eb703d0f040ac9a70ec2fc98a120e73c6191a81f804c41b298847583d857c8,0xbe0b407782a7599380fa726db315340126d62229,0x4d2fb5f8ec243fde4df1a9678b82238570c7e0e4,2026-09-13T12:17:30,repeated_internal_token_drain;dense_internal_fund_flow;complex_trace;high_gas_used_context;token_activity_burst;repeated_risky_internal_calls,0x6a761202,true
25966006,0xe357ae3e9fed00adbc0abec55a3dac834eb536e0aa894a7e292cc31cdd5a4e01,0xa87eb9f2e6edc1297c0bf99393235503cb8b5023,0x2786ed4ce17214579e359064827715ad2acb1477,2026-09-13T12:17:30,complex_trace;token_activity_burst,0xe9ae5c53,false
25966007,0x0bcccfead07b6b91bf74f1d450a279ef44cdc050e4ca37af793c0c6610cfab8b,0x05339f0d6a6d17f59eb81731d04f15d0c858c052,0x6c96de32cea08842dcc4058c14d3aaad7fa41dee,2026-09-13T12:17:32,large_erc20_asset_flow;complex_trace,0xc7c7f5b3,true
25966007,0x73781e2e83c360851d32b47391f0d7a8c6fe4e84f203710c8478d0acfcb8efcc,0xbe0b407782a7599380fa726db315340126d62229,0x4d2fb5f8ec243fde4df1a9678b82238570c7e0e4,2026-09-13T12:17:32,repeated_internal_token_drain;dense_internal_fund_flow;complex_trace;high_gas_used_context;token_activity_burst;repeated_risky_internal_calls,0x6a761202,true
25966007,0x85ac6f4a82f721324648c81317e234d2c2240b6207ed646489616eca39f8db62,0x7830c87c02e56aff27fa8ab1241711331fa86f43,0xa9d1e08c7793af67e9d92fe308d5697fb81d3e43,2026-09-13T12:17:32,dense_internal_fund_flow,0x1a1da075,true
25966007,0xc89c58318aee345e364463fcf38dcb6f627ba21641875c41585347b4cb83f594,0x59aab1bd0d26290274398c07b55955c15425e16b,0x00fe78205f5f0e63b8ad2b2ae5337f538a610e04,2026-09-13T12:17:32,complex_trace;high_gas_used_context,0x34fcd5be,false
25966007,0xf2f961f7266b3272be4be4174966f00a66f868e3a1a8bddd751182ebb030dcbd,0xc58bf9ad066edfd1f316fae764d5cd3e58fe6733,0x6c96de32cea08842dcc4058c14d3aaad7fa41dee,2026-09-13T12:17:32,large_erc20_asset_flow;complex_trace,0xc7c7f5b3,true
25966008,0xd7c00d65a82c96766914269d4e076b8a311644b4ac11778093252900bb5f18e8,0x7c5fcb01f18c3acff94a4a86deb79eff870b3727,0x8cc5c24a1666d3214340050315b82b2b6b0d9027,2026-09-13T12:18:04,dense_internal_fund_flow,0x8ad4633f,true
25966008,0x16adee5d370cb4aa33a44764764b90ca3d0b4b9ceaadb26afedb2ab7bd70f307,0xc8635d9ec55919bfb3ba10ee806c2bd632e84997,0xb300000b72deaeb607a12d5f54773d1c19c7028d,2026-09-13T12:18:05,dense_internal_fund_flow;complex_trace,0x810c705b,true
25966008,0x18404aba3ba10bde44b6489b803773ae99daa62236344066241fac57759e0e19,0xc04de04809058f5dacd67bbdd5f057824dd7d4df,0x0000000000001ff3684f28c67538d4d072c22734,2026-09-13T12:18:05,dense_internal_fund_flow;complex_trace,0x2213bc0b,true
25966008,0x37c9ff140e19ab0dc051a63773e9256f673ea26d755bd4412cafed299b046dcb,0x4838b106fce9647bdf1e7877bf73ce8b0bad5f97,0xfeeeeee44046c3f61a8cc081e0918ef0de0a7ffc,2026-09-13T12:18:05,selfdestruct_context,0x6aa6213f,true
25966008,0x4c631d228643a3e6185afbf6a9413e1a134ef5088a53d694807d7a9ae431eb2a,0x00d9fe085d99b33ab2aae8063180c63e23bf2e69,0x75884f3ada15c953529abaac6549d5204135ec36,2026-09-13T12:18:05,repeated_internal_token_drain;dense_internal_fund_flow;complex_trace;high_gas_used_context;token_activity_burst;repeated_risky_internal_calls,0xa9059cbb,true
25966008,0x6192c422981000db6e6ec5c42cb42d9a7b550292885e960f7a8a87ab8dce4197,0x59aab1bd0d26290274398c07b55955c15425e16b,0x00fe78205f5f0e63b8ad2b2ae5337f538a610e04,2026-09-13T12:18:05,complex_trace;high_gas_used_context,0x34fcd5be,false
25966008,0x6eb1688cba6e89e29fd040c827161f57acb0995356593ce8ec576cb4e2c0c9e0,0x4337013ef5cd421cef649fc58c1b0defd37bbeb1,0x4337084d9e255ff0702461cf8895ce9e3b5ff108,2026-09-13T12:18:05,dense_internal_fund_flow;complex_trace,0x765e827f,true
25966008,0x8307f41e202873f00f1e8b5270de4320aadffae021433093c59e62979ae2ad41,0x9fc3da866e7df3a1c57ade1a97c9f00a70f010c8,0xfeeeeee44046c3f61a8cc081e0918ef0de0a7ffc,2026-09-13T12:18:05,selfdestruct_context,0x6aa6213f,true
25966008,0x99fce671b4f1ce25bb456f1a9862f22f788125df8cc7eb962293cf54455fe45f,0x4838b106fce9647bdf1e7877bf73ce8b0bad5f97,0xfeeeeee44046c3f61a8cc081e0918ef0de0a7ffc,2026-09-13T12:18:05,selfdestruct_context,0x6aa6213f,true
25966009,0x1b8d6497b2f454d4ad60c05f24995117af9ea5bb71e5e76171313a566ca0019e,0xbe0b407782a7599380fa726db315340126d62229,0x4d2fb5f8ec243fde4df1a9678b82238570c7e0e4,2026-09-13T12:18:06,repeated_internal_token_drain;dense_internal_fund_flow;complex_trace;high_gas_used_context;token_activity_burst;repeated_risky_internal_calls,0x6a761202,true
25966009,0x97ab79f559d74e2e2be4ef7adab3a40d1b82f82eb9f1cec1f95ebc1a4e799519,0x59aab1bd0d26290274398c07b55955c15425e16b,0x00fe78205f5f0e63b8ad2b2ae5337f538a610e04,2026-09-13T12:18:06,complex_trace;high_gas_used_context,0x34fcd5be,false
25966009,0xb4c358862602107e27374c979a325f94f4a03bf4b916fc29be80516ee910ea6c,0xed0896aaa00b60387f22647278b8cddf2f3ee00d,0xd15e62e64c1265dfb753ed6e7c76cb5ff8f276c7,2026-09-13T12:18:06,large_erc20_asset_flow;complex_trace,0xe9ae5c53,true
25966009,0xc566eac78dbcb2ac3b894e0623b857b7d4110c0c73806520f3309c5697d23269,0x2ce910fbba65b454bbaf6a18c952a70f3bcd8299,0x99c9fc46f92e8a1c0dec1b1747d010903e884be1,2026-09-13T12:18:06,large_erc20_asset_flow;complex_trace,0x540abf73,true
25966009,0xf3f823b32213853bd4228411ee55cbf9589c756ff693d07dd33c996b1cc7df1d,0xae2fc483527b8ef99eb5d9b44875f005ba1fae13,0x1f2f10d1c40777ae1da742455c65828ff36df387,2026-09-13T12:18:06,dense_internal_fund_flow,0x2bad1c12,true
25966009,0x91f8001cb7eeffc3305c8f2c01bcdeeeb37a0d8af2cde140e1e720d52f1d88a0,0xd49a2cc7bf14100ad9d3e8e2d22cbedd692165c9,0xc10fc8fa761285fa3fa25aafcc10a54456ee8919,2026-09-13T12:18:07,dense_internal_fund_flow;complex_trace;high_gas_used_context;repeated_risky_internal_calls,0xa9059cbb,true
25966009,0xb21b442147eb32b311d86f5875d17d130637ad4833e09b748347c6305de8fecd,0x4838b106fce9647bdf1e7877bf73ce8b0bad5f97,0xfeeeeee44046c3f61a8cc081e0918ef0de0a7ffc,2026-09-13T12:18:07,selfdestruct_context,0x6aa6214b,true
25966009,0xb439000bebd8584c268508118836a4eaf1e0ea70a0ab974eeb5a27490884413e,0xfdb9272a110065f41b5cda5ea5555df5e1807bff,0xa2233dbf022f6ee1026976691d0c4fc23937d2d2,2026-09-13T12:18:07,selfdestruct_context,0x7a4f5e02,true
25966010,0x243f186e5953a6d6374184b4f6974224c8d2486efefaeedc3dfc99adae8a0fbc,0x396343362be2a4da1ce0c1c210945346fb82aa49,0xfeeeeee44046c3f61a8cc081e0918ef0de0a7ffc,2026-09-13T12:18:41,selfdestruct_context,0x6aa62157,true
25966010,0x2973481ebe7904157bb426cc3697b76266d93efb23686e110a76e3fcc3c654f5,0xe3009dfb2e76b6d5b076d2f11a90d80747ea467f,0xc10fc8fa761285fa3fa25aafcc10a54456ee8919,2026-09-13T12:18:41,complex_trace;high_gas_used_context,0xa9059cbb,false
25966010,0x45b7059b567e7f0594f71cc62f39d2f8ff792bbd3ac670efa05eb8c424f363a3,0xe8524686704316186d0490e5ffcbb3a2e2a75575,0x514b9e5467b9eb811519e316263c9099eae546ca,2026-09-13T12:18:41,complex_trace;high_gas_used_context,0xa9059cbb,false
25966010,0x59fb42ff4ae11c12a2b67e2de628ff54fa13932263dfd5d8e55d9039fe53ec42,0x99ca052fd64dd07ef904410861556163bb839f7d,0xc10fc8fa761285fa3fa25aafcc10a54456ee8919,2026-09-13T12:18:41,complex_trace;high_gas_used_context,0xa9059cbb,false
25966010,0x5f9f08d73b064fa619572e452b473f69aeb4141701416dfd07a3b5d2b2a2b1e1,0x59aab1bd0d26290274398c07b55955c15425e16b,0x00fe78205f5f0e63b8ad2b2ae5337f538a610e04,2026-09-13T12:18:41,complex_trace;high_gas_used_context,0x34fcd5be,false
25966010,0x9ff0b008e96ee2fc188a4d641241871858bc944ab74e43af456e7c3fc4e1b248,0x40366a250f7d2facc16e399a512af6939cf81b79,0x008ebccae39d001200c3003c3225ce0a00690066,2026-09-13T12:18:41,privileged_execution_context,0x7e734c5a,false
25966010,0xad1c75a4c2c9d8f2e92f6af0916afd6b15177a9dc85d471d7b1eb3ed49f6b27f,0x43370108f30ee5ed54a9565f37af3be8502903f5,0x0000000071727de22e5e9d8baf0edac6f37da032,2026-09-13T12:18:41,large_erc20_asset_flow,0x765e827f,true
25966010,0xc64b9cbdfeb253e1b5b7387bf68388d52a5ee1fe056519b823539ef717f95619,0x396343362be2a4da1ce0c1c210945346fb82aa49,0xfeeeeee44046c3f61a8cc081e0918ef0de0a7ffc,2026-09-13T12:18:41,selfdestruct_context,0x6aa62157,true
25966011,0x1f1e0e05f0b954d895511b72b0bc9824ba0bd3511161e74557582eef49800da8,0xbe0b407782a7599380fa726db315340126d62229,0x4d2fb5f8ec243fde4df1a9678b82238570c7e0e4,2026-09-13T12:19:45,repeated_internal_token_drain;dense_internal_fund_flow;complex_trace;high_gas_used_context;token_activity_burst;repeated_risky_internal_calls,0x6a761202,true
25966011,0x33e242fedda84a18db159fb4e76bab5f1d306a8bfe8d3db2978d3ce4d928a945,0x7830c87c02e56aff27fa8ab1241711331fa86f43,0xa9d1e08c7793af67e9d92fe308d5697fb81d3e43,2026-09-13T12:19:45,dense_internal_fund_flow,0x1a1da075,true
25966012,0x31c3f79db80c37bd6a653e930c6f17332998a0200de9f104275bcd5e90886dde,0xbb0611fde3e968d138eb3e9e386d8103c4730001,0xb6f54caed61c318027c022c47b94baf139a99dab,2026-09-13T12:19:47,large_erc20_asset_flow;complex_trace;high_gas_used_context;token_activity_burst,0x02d4018c,true
25966012,0x3f6b85e0ad8d8cf887e19c8beae678872530f14b24dbfa0daf47857f812477d9,0x7b8b4fb2dc21b10aadd52a0e44df7705851d280f,0x1231deb6f5749ef6ce6943a275a1d3e7486f4eae,2026-09-13T12:19:47,dense_internal_fund_flow,0x1794958f,true
25966012,0x63da1f1ecea2ce83b06261e06b0f006e79b46a693ffeb61582d652d1fd0ae46c,0x54be3a794282c030b15e43ae2bb182e14c409c5e,0xd01607c3c5ecaba394d8be377a08590149325722,2026-09-13T12:19:47,dense_internal_fund_flow;large_erc20_asset_flow;complex_trace,0xe74f7b85,true
25966012,0x046ee7c5e1a734292d95e78ce60a1dea5d5a23797457b6263ae41a161ded92dc,0xd49a2cc7bf14100ad9d3e8e2d22cbedd692165c9,0xc10fc8fa761285fa3fa25aafcc10a54456ee8919,2026-09-13T12:19:49,dense_internal_fund_flow;complex_trace;high_gas_used_context;repeated_risky_internal_calls,0xa9059cbb,true
25966012,0x3f6125ad860a53b8323a2032d7e7ac1b99a05dc2f65f334ffae7e8f280265b73,0x59aab1bd0d26290274398c07b55955c15425e16b,0x00fe78205f5f0e63b8ad2b2ae5337f538a610e04,2026-09-13T12:19:49,complex_trace;high_gas_used_context,0x34fcd5be,false
25966012,0x421566121c097f595fdc4d585f3a94f42d195f62c95a1e36a241db66285c210a,0x59aab1bd0d26290274398c07b55955c15425e16b,0x00fe78205f5f0e63b8ad2b2ae5337f538a610e04,2026-09-13T12:19:49,complex_trace;high_gas_used_context,0x34fcd5be,false
25966012,0x6249549632dc041eefc4cfd034d518243c939dedd7f6fddce10e51e13ca8b9b6,0x0c27f5bd5a2a616fe90237b955eaef575159754e,0x13b62003c8b126ec0748376e7ab22f79fb8bbdf2,2026-09-13T12:19:49,dense_internal_fund_flow;complex_trace,0x6dffc391,true
25966012,0x94e91d411fd684aa8659d65a141a77faab7f4d79da6d82f46ccb908b5248c61d,0x396343362be2a4da1ce0c1c210945346fb82aa49,0xfeeeeee44046c3f61a8cc081e0918ef0de0a7ffc,2026-09-13T12:19:49,selfdestruct_context,0x6aa6216f,true
25966012,0x9780748cf7de2e6c38785929f434d2b8eb2f0fa83f264a2adb0aefe809d5d48c,0x396343362be2a4da1ce0c1c210945346fb82aa49,0xfeeeeee44046c3f61a8cc081e0918ef0de0a7ffc,2026-09-13T12:19:49,selfdestruct_context,0x6aa6216f,true
25966012,0xa10d85ba46a541dea42cb2c5949dea8e812f29145e15c156805cf567e902c8bb,0x5b49289ffb3aec48df4d65b39e2c33dcf621a1a9,0xc10fc8fa761285fa3fa25aafcc10a54456ee8919,2026-09-13T12:19:49,complex_trace;high_gas_used_context,0xa9059cbb,false
25966013,0xbdbc748a64271497e9fce6608e22c2a1f669174f9e685a85221c7e2f3e655567,0x59aab1bd0d26290274398c07b55955c15425e16b,0x00fe78205f5f0e63b8ad2b2ae5337f538a610e04,2026-09-13T12:19:51,complex_trace;high_gas_used_context,0x34fcd5be,false
25966013,0x2a76e7a5baa30e826ec9ee17a60f218967204e2908d6d8c8d5f17f8e3ae7c614,0x062ce42cae04c51d04e77e3d64cc8953a2296ffe,0x8a25a24ede9482c4fc0738f99611be58f1c839ab,2026-09-13T12:19:52,large_erc20_asset_flow;complex_trace,0x6a761202,true
25966013,0xe808d95d2374372fe9703499fec6a9af9661c1ffdd0f50c33d04dd9bc6cf7564,0x85c2e985a4fb5c3ff25ee27ee424abd851e4cb33,0xfeeeeee44046c3f61a8cc081e0918ef0de0a7ffc,2026-09-13T12:19:53,selfdestruct_context,0x6aa6217b,true
25966013,0xfa09cd9a9bc6617bae3141db32e549e1bcd7b2f3f3fb0bc1354119c9658ef43c,0xe2e71ae24707a38e1f9086899f229a6a294eed3c,0xfa86aa141e45da5183b42792d99dede3d26ec515,2026-09-13T12:19:53,complex_trace;high_gas_used_context;token_activity_burst;approval_burst,0x04117561,true
25966014,0x6f5dbcdb15112cdb8793c57284999c688d226efff5c76202af3768ae23a7b454,0xdda3b51e29f9d6fad865c5dd7070d5f7eb57663e,0x8d8210a0252a706cb5de0c6f8e46b6d3692afc19,2026-09-13T12:20:25,complex_trace;high_gas_used_context,0xffc3a769,false
25966014,0xc3eb56de60bf2e38e2bab327dd55f46cd1ba59647494fd6a8d0f4d2aedfe0b39,0x6cd9d6a11526a481b2f54be3db3f4b37be8cb2c9,0x01279129f353fa5353e99f529bda8c5b49a43bc1,2026-09-13T12:20:25,complex_trace;high_gas_used_context,0x3a276523,false
25966014,0x8e2895ea1281a25279e06cc5be725548a6a816dcba8a6469243a0c34e21ac1cc,0x4838b106fce9647bdf1e7877bf73ce8b0bad5f97,0xfeeeeee44046c3f61a8cc081e0918ef0de0a7ffc,2026-09-13T12:20:28,selfdestruct_context,0x6aa62187,true
25966014,0xfc6dd702ee03afe632b3fae85bdd23d53b7fac47841edef4d8d53ed9e213a0ee,0x59aab1bd0d26290274398c07b55955c15425e16b,0x00fe78205f5f0e63b8ad2b2ae5337f538a610e04,2026-09-13T12:20:28,complex_trace;high_gas_used_context,0x34fcd5be,false
25966015,0x7c5904218ecc4a305d34f57b2a9b2c3a755e293b23de22e37c9186d0ec096765,0xae2fc483527b8ef99eb5d9b44875f005ba1fae13,0x1f2f10d1c40777ae1da742455c65828ff36df387,2026-09-13T12:20:30,dense_internal_fund_flow,0x2bd06033,true
25966015,0x02cfaa3feb56ebb796a7cc9b87cb93cf7395e5e100a161800384d954e0824991,0x58e93991e38a8105b85e45cc6adfdf1e277356ee,0x1644d2477f809cc2c71bccfd6dc9497e3f83210d,2026-09-13T12:21:20,dense_internal_fund_flow;large_erc20_asset_flow;complex_trace,0x3c226834,true
25966015,0x1dd669a78ba829f2d4d0a9b7b1f0b4443896d6f9cb1e32b2f5d26a41ea379486,0x59aab1bd0d26290274398c07b55955c15425e16b,0x00fe78205f5f0e63b8ad2b2ae5337f538a610e04,2026-09-13T12:21:31,complex_trace;high_gas_used_context,0x34fcd5be,false
25966015,0x2c81a7972969d493884ae3b03e4f856841f5ab53df7009c6f00a921fbd753c58,0x823de6b63f9cb010cbb58951c90eea30bf02bd36,0xd01607c3c5ecaba394d8be377a08590149325722,2026-09-13T12:21:31,dense_internal_fund_flow;large_erc20_asset_flow;complex_trace,0x80500d20,true
25966015,0x4ce46f2eb3063558fc0fc22554794f62888f2f57bd7d2120271d6c425a9aa36c,0x4ff25ae1b4bf1cee786d5458b43f116d3203d374,0x663dc15d3c1ac63ff12e45ab68fea3f0a883c251,2026-09-13T12:21:31,dense_internal_fund_flow;complex_trace,0x4d8160ba,true
25966015,0x6ca9249fc81f32aa03e47ac0a9ea59de08fc01565372c64ede22a40c6c7790b0,0xd49a2cc7bf14100ad9d3e8e2d22cbedd692165c9,0xc10fc8fa761285fa3fa25aafcc10a54456ee8919,2026-09-13T12:21:31,dense_internal_fund_flow;complex_trace;high_gas_used_context;repeated_risky_internal_calls,0xa9059cbb,true
25966015,0xa1785a4d82af4ea918b93626ac997020d3219898ae042b247044569d6556d304,0x4838b106fce9647bdf1e7877bf73ce8b0bad5f97,0xfeeeeee44046c3f61a8cc081e0918ef0de0a7ffc,2026-09-13T12:21:31,selfdestruct_context,0x6aa62193,true
25966015,0xb5d133f8c666cd3c4ddd1f40db9de9eff7301326764056f4c34195c0c100f131,0xbe0b407782a7599380fa726db315340126d62229,0x4d2fb5f8ec243fde4df1a9678b82238570c7e0e4,2026-09-13T12:21:31,repeated_internal_token_drain;dense_internal_fund_flow;complex_trace;high_gas_used_context;token_activity_burst;repeated_risky_internal_calls,0x6a761202,true
25966015,0xd9c29eb8f01909cd8c6643ba376bd09ad465f185746867d9462f9983d5bc9c21,0x5b49289ffb3aec48df4d65b39e2c33dcf621a1a9,0xc10fc8fa761285fa3fa25aafcc10a54456ee8919,2026-09-13T12:21:31,complex_trace;high_gas_used_context,0xa9059cbb,false
25966015,0xe7c33f95d31858fe362ce2511bc6e24c2bc37d2137b519463047b07062126fbf,0x9d0f3c4f5875f54c7d26686cf2752ba27acda72c,0x89c6340b1a1f4b25d36cd8b063d49045caf3f818,2026-09-13T12:21:31,large_erc20_asset_flow;complex_trace;high_gas_used_context;token_activity_burst,0xd7a08473,true
25966016,0x14dce47fc8a99eceb2a20f6342b15ef97c943601c5435a80b4431fba12a0d75f,0x1584a8ee67789d1fe161065388657ad2f2a3c7dd,0x77eb52e44db06777bce478159f25c0d55a295314,2026-09-13T12:22:23,repeated_internal_token_drain;dense_internal_fund_flow;complex_trace;high_gas_used_context;token_activity_burst;repeated_risky_internal_calls,0xa9059cbb,true
25966016,0x3c799f566e5cd1dcc2e3db2686472ae432e03ffca2d994b449c6fbf31a4ac822,0x85c2e985a4fb5c3ff25ee27ee424abd851e4cb33,0xfeeeeee44046c3f61a8cc081e0918ef0de0a7ffc,2026-09-13T12:22:23,selfdestruct_context,0x6aa6219f,true
25966016,0x6d2cd00ec9a388884835a428440d7dc1f5c306c96ce9c35a65d7a2e0f934d8e4,0x59aab1bd0d26290274398c07b55955c15425e16b,0x00fe78205f5f0e63b8ad2b2ae5337f538a610e04,2026-09-13T12:22:23,complex_trace;high_gas_used_context,0x34fcd5be,false
25966017,0x057411fcf7078d25d1ee3af8cb9b6257c034253d8ded7d949e36137c27faa886,0x396343362be2a4da1ce0c1c210945346fb82aa49,0xfeeeeee44046c3f61a8cc081e0918ef0de0a7ffc,2026-09-13T12:23:02,selfdestruct_context,0x6aa621ab,true
25966017,0x0a4f744583eae06594239877b80a13e411c457080fd198d2d7cc447d28a94098,0xe3009dfb2e76b6d5b076d2f11a90d80747ea467f,0xc10fc8fa761285fa3fa25aafcc10a54456ee8919,2026-09-13T12:23:02,complex_trace;high_gas_used_context,0xa9059cbb,false
25966017,0x1aba20188abd3a6ff1ba7b5a9080c4ee37611674eee09d06cf55fbe6196298d1,0xbe0b407782a7599380fa726db315340126d62229,0x4d2fb5f8ec243fde4df1a9678b82238570c7e0e4,2026-09-13T12:23:02,repeated_internal_token_drain;dense_internal_fund_flow;complex_trace;high_gas_used_context;token_activity_burst;repeated_risky_internal_calls,0x6a761202,true
25966017,0x308ac102c121d4ae558e425e84964c63078e5453270b9b82450149ad3514bd73,0x396343362be2a4da1ce0c1c210945346fb82aa49,0xfeeeeee44046c3f61a8cc081e0918ef0de0a7ffc,2026-09-13T12:23:02,selfdestruct_context,0x6aa621ab,true
25966017,0x4af39e33898f7852476013d59c561d1bd38a27825c9ace48e72718287b570949,0x99ca052fd64dd07ef904410861556163bb839f7d,0xc10fc8fa761285fa3fa25aafcc10a54456ee8919,2026-09-13T12:23:02,complex_trace;high_gas_used_context,0xa9059cbb,false
25966017,0x4f4ece670104b14aa2454f3e674ac16acee39c6a532a8c99cd52099de7dac2c1,0x2058e313525afea0dc2bcd2533a4fc18844d134c,0xc10fc8fa761285fa3fa25aafcc10a54456ee8919,2026-09-13T12:23:02,complex_trace;high_gas_used_context,0xa9059cbb,false
25966017,0x7f567bb6d135838041f9b81b6ee8232bf84c731c40a4ae217d1849cc5db46ac5,0xde7a849216aa3884d53d84ecb02c19eb67e5dae2,0x7d9f4ca54131e588fc1fe577973b55fb11231e76,2026-09-13T12:23:02,repeated_internal_token_drain;dense_internal_fund_flow;complex_trace;high_gas_used_context;token_activity_burst;repeated_risky_internal_calls,0x6aac3a0b,true
25966017,0x9eb993b78b6fe370823381c95aa12008868c708ae1be7b520d7478eef873d3fd,0x59aab1bd0d26290274398c07b55955c15425e16b,0x00fe78205f5f0e63b8ad2b2ae5337f538a610e04,2026-09-13T12:23:02,complex_trace;high_gas_used_context,0x34fcd5be,false
25966017,0xb8b3ff9d1452a9036d9617439ed8a137eaa6c6a4670fd9093c90e99a689efd14,0x2a535da2615ce0e226cd0176d8ae0640f1791558,0x7a250d5630b4cf539739df2c5dacb4c659f2488d,2026-09-13T12:23:02,large_erc20_asset_flow,0x5c11d795,true
25966017,0xbdc536e37d3c630b09ce204cd794f8f5ac393792b6bb32c2e79eda2d7f72a6c2,0x77a39416704617e115b1d7f71e74dd9c4aa7f2ef,0x0000000071727de22e5e9d8baf0edac6f37da032,2026-09-13T12:23:02,privileged_execution_context,0x765e827f,false
25966019,0x6eb1419b30a5c68ec5a932e6a667cd782c8e25188e0cc31913d40eeb7ffb8136,0xd3ff34fbe635e294eb29810a9edbef0bbae52a63,0xa5d87aab3b1818ba74875db0e69ae91588de004f,2026-09-13T12:23:04,complex_trace;high_gas_used_context,0x61461954,false
25966019,0x30fba269ea395dcda930451700fe837cf53ffd9adbcaa38bbeab2a7af4d60474,0xfb74767c1ce1aada0a0e114441173b57f8c1571b,0xfeeeeee44046c3f61a8cc081e0918ef0de0a7ffc,2026-09-13T12:23:25,selfdestruct_context,0x6aa621c3,true
25966019,0x5e56b02783b7e796c4f96fd22e88df8a314013fde0eda2abebc8813584ebce56,0xe0045163642888164b4d6fa65dc327c7be93998a,0xcdf087a0b00014fc782d64dd7851640dc53e3d05,2026-09-13T12:23:25,high_gas_used_context;token_activity_burst,0x8132b321,false
25966019,0x65eac2d8460f32a7d54f754e76e2c0c6ab9866fce0c064b2534c1e1f57c32378,0x2eb6ffcfc1591349a1983aad3e80d8fb3cec1df2,0x70e60fbfe09caaad444d6c489ef865bfaabbefc8,2026-09-13T12:23:25,privileged_execution_context;complex_trace;high_gas_used_context;token_activity_burst,0x01200000,false
25966019,0x73b64d79864b260833a196de993cb4ebb4bcfd855eb531efcb7207f5e0b48e62,0xfb74767c1ce1aada0a0e114441173b57f8c1571b,0xfeeeeee44046c3f61a8cc081e0918ef0de0a7ffc,2026-09-13T12:23:25,selfdestruct_context,0x6aa621c3,true
25966019,0xb3f49d72b5c8b89d0bba06526d390db3ac72d4005dbfc636c2b241bc3afb9190,0xfb74767c1ce1aada0a0e114441173b57f8c1571b,0xfeeeeee44046c3f61a8cc081e0918ef0de0a7ffc,2026-09-13T12:23:25,selfdestruct_context,0x6aa621c3,true
25966019,0xc3a6233543525d1a10a23fefac0601ce959699551368ed8db4d63829dc8f5701,0x49e1bf431e9bbbd8e57afcd21ccac3f30e7d98d3,0x8feab81d36e7576107d5de0758c1b839be31b4f6,2026-09-13T12:23:25,complex_trace;high_gas_used_context,0xf2c42696,true
25966019,0xdc08833a7286c83de5323602b0a715dd3161151e7d2a493549cc2c829b9115a8,0xbb0611fde3e968d138eb3e9e386d8103c4730001,0xb6f54caed61c318027c022c47b94baf139a99dab,2026-09-13T12:23:25,large_erc20_asset_flow;complex_trace;high_gas_used_context;token_activity_burst,0x02d4018c,true
25966019,0xe2e3aaf604743638c2373790529b43ee4ffa55cad6a2827370f1f92460ff135d,0x92ac2a779a636d48047a3a081496a0d6780c1134,0x8feab81d36e7576107d5de0758c1b839be31b4f6,2026-09-13T12:23:25,complex_trace;high_gas_used_context,0x0c307f76,true
25966019,0xf4ed30a46f2f2653ba2302c2ad2c06f0ef19b25f731d9c2379f80648a979de09,0x59aab1bd0d26290274398c07b55955c15425e16b,0x00fe78205f5f0e63b8ad2b2ae5337f538a610e04,2026-09-13T12:23:25,complex_trace;high_gas_used_context,0x34fcd5be,false
25966019,0xf95d6bd8e193fe2bede65dbeda7696d95fb8eb5dab987fa6446fe57829468662,0x23e81353632b045ae30f3d949aec064b6b008a20,0x0de8bf93da2f7eecb3d9169422413a9bef4ef628,2026-09-13T12:23:25,complex_trace;high_gas_used_context,0xb1ae2ed1,false
25966020,0x93bc4026ab77d774c7dcfbda1429fda795edd667e1de108711cb345e15f0c6ee,0x2ff639cf4cb2f3ee0219c56f04877f72482c1919,0x1231deb6f5749ef6ce6943a275a1d3e7486f4eae,2026-09-13T12:23:26,complex_trace;high_gas_used_context,0x736eac0b,true
25966020,0xba25a824d32697cd6469b9b666035aef199512f563171908c7fe31282398280f,0xbe0b407782a7599380fa726db315340126d62229,0x4d2fb5f8ec243fde4df1a9678b82238570c7e0e4,2026-09-13T12:23:56,repeated_internal_token_drain;dense_internal_fund_flow;complex_trace;high_gas_used_context;token_activity_burst;repeated_risky_internal_calls,0x6a761202,true
25966020,0x944029dea1e7c86805ad12e5992bfce1537bedd56bed8570bb33dd63fc6e735c,0x59aab1bd0d26290274398c07b55955c15425e16b,0x00fe78205f5f0e63b8ad2b2ae5337f538a610e04,2026-09-13T12:23:57,complex_trace;high_gas_used_context,0x34fcd5be,false
25966020,0xa041dc63ebdf5ddfac7d15c0469579d8379550d77ec8bccd4e26b724c22324e5,0x59aab1bd0d26290274398c07b55955c15425e16b,0x00fe78205f5f0e63b8ad2b2ae5337f538a610e04,2026-09-13T12:23:57,complex_trace;high_gas_used_context,0x34fcd5be,false
25966022,0x457268122f4625eced4942208dc760a6f420f301f8fc7fbc2d20091d0ffda076,0x7830c87c02e56aff27fa8ab1241711331fa86f43,0xa9d1e08c7793af67e9d92fe308d5697fb81d3e43,2026-09-13T12:24:00,dense_internal_fund_flow,0x1a1da075,true
25966022,0x98272326844a6054d7aa70bed52a5105463337169176971c8c4ee3975b920de1,0x6f938e7360d8f7390e89c67f16df6abc21195187,0x99e66f3ce49266bd04a64d989ea63df0b8f43b80,2026-09-13T12:24:00,dense_internal_fund_flow;complex_trace;high_gas_used_context,0x036e036e,true
25966022,0xac56c7dd0d30a2d2709c02ac895440002431f223c7eb24cbc95e5e1f11a1f735,0x5b43453fce04b92e190f391a83136bfbecedefd1,0xbdb3ba9ffe392549e1f8658dd2630c141fdf47b6,2026-09-13T12:24:00,complex_trace;high_gas_used_context;token_activity_burst,0x000000c3,false
25966022,0xc333a9053c921d3301133da30231cbf5b5a42e9e45f472249de60e676031b72a,0xfc9928f6590d853752824b0b403a6ae36785e535,0xe2536231fc1512babc8c856ad7499830a936bdd9,2026-09-13T12:24:02,complex_trace;high_gas_used_context;token_activity_burst,0x03fb13d5,false
25966022,0xf5d0b912c2d921736abc2f9007b408cd219702127079d2866a859a8f800d63d8,0xb1cce727e8182335e39352ddfcefe99223914bd2,0x6b9246b59c3239b500c6d22c79f234d471506eb1,2026-09-13T12:24:02,complex_trace;high_gas_used_context,0x7df32f07,false
25966022,0x6cdb03f76a08676dc4de50db2126d0bc309cc54514d1156f72940bf457f580c6,0x5b49289ffb3aec48df4d65b39e2c33dcf621a1a9,0xc10fc8fa761285fa3fa25aafcc10a54456ee8919,2026-09-13T12:25:01,complex_trace;high_gas_used_context,0xa9059cbb,false
25966022,0x75063908446dbf5731791feddfaa14db9fb080dce958628ea43901b0801171ec,0x59aab1bd0d26290274398c07b55955c15425e16b,0x00fe78205f5f0e63b8ad2b2ae5337f538a610e04,2026-09-13T12:25:01,complex_trace;high_gas_used_context,0x34fcd5be,false
25966022,0x7a5f548ea075353b9373e4c828d3793ebfab73a18bce125afc11d7ec5507ef89,0x59aab1bd0d26290274398c07b55955c15425e16b,0x00fe78205f5f0e63b8ad2b2ae5337f538a610e04,2026-09-13T12:25:01,complex_trace;high_gas_used_context,0x34fcd5be,false
25966022,0x931edfdcdc1148b5667c2fe5036fe458f9577ae9b6f988d45f24604e7ae0ea3b,0x27a0f8a9938b3f1d8074d3117acd2bf825e44a18,0x0de8bf93da2f7eecb3d9169422413a9bef4ef628,2026-09-13T12:25:01,complex_trace;high_gas_used_context,0xb1ae2ed1,false
25966022,0xa1bd2a4d456ad9fd3400f657a65e5c45027e06a0d10948a70fe41ebabd294ced,0x4838b106fce9647bdf1e7877bf73ce8b0bad5f97,0xfeeeeee44046c3f61a8cc081e0918ef0de0a7ffc,2026-09-13T12:25:01,selfdestruct_context,0x6aa621e7,true
25966022,0xa9a2fc9498a22efad4123215ed3a96df8c38e938f31da112236b55e3982c4a45,0xd49a2cc7bf14100ad9d3e8e2d22cbedd692165c9,0xc10fc8fa761285fa3fa25aafcc10a54456ee8919,2026-09-13T12:25:01,complex_trace;high_gas_used_context,0xa9059cbb,false
25966022,0xf826093d7e017586e4e7fcbc2bba7d6a1caaf9b7d0d33d9473e019cabf11a589,0x4838b106fce9647bdf1e7877bf73ce8b0bad5f97,0xfeeeeee44046c3f61a8cc081e0918ef0de0a7ffc,2026-09-13T12:25:01,selfdestruct_context,0x6aa621e7,true
25966023,0x22d9923246f6bde70be40a7ee1fb603fc132d032280d33e435ab07134c8b5a38,0x27a0f8a9938b3f1d8074d3117acd2bf825e44a18,0x0de8bf93da2f7eecb3d9169422413a9bef4ef628,2026-09-13T12:25:03,complex_trace;high_gas_used_context,0xb1ae2ed1,false
25966023,0x29eef2edbde2bed7fa6bb9881a2cc36f00c020ea4f4e0d65d2760bfccc68ad82,0xca7ded7e4f4ba8ab3b10009236ae6d1b95094589,0xccc88a9d1b4ed6b0eaba998850414b24f1c315be,2026-09-13T12:25:03,complex_trace;high_gas_used_context;token_activity_burst,0x0a2b8f36,false
25966023,0xddca63a4703bb09a43891d576d6694b396749558f866e2f46d7c9a7e953ed498,0x4838b106fce9647bdf1e7877bf73ce8b0bad5f97,0xfeeeeee44046c3f61a8cc081e0918ef0de0a7ffc,2026-09-13T12:25:03,selfdestruct_context,0x6aa621f3,true
25966023,0xfa27d416b041c149836bbcd726bbec89da6b3fbb48b934ac82993159ed4a2f4f,0xbe0b407782a7599380fa726db315340126d62229,0x4d2fb5f8ec243fde4df1a9678b82238570c7e0e4,2026-09-13T12:25:03,repeated_internal_token_drain;dense_internal_fund_flow;complex_trace;high_gas_used_context;token_activity_burst;repeated_risky_internal_calls,0x6a761202,true
25966023,0x08b824f11de61a55c8f30a51fe2170ed844fabaef8f05be0843e8a120107c321,0xec8c4eb216cbfc5b7f49b83cfbe6e34212863ae8,0x99de9e5a3ec2750a6983c8732e6e795a35e7b861,2026-09-13T12:25:04,dense_internal_fund_flow;large_erc20_asset_flow,0x0efe6a8b,true
25966023,0xd90722eeb868fe17c25d6ebc54b80ce1ed173ff734882fc3a5d5a020bff535bc,0x9fc3da866e7df3a1c57ade1a97c9f00a70f010c8,0xfeeeeee44046c3f61a8cc081e0918ef0de0a7ffc,2026-09-13T12:25:04,selfdestruct_context,0x6aa621f3,true
25966023,0xfdafe3f4c21f77a67e5e47c63912f37fbab9167a928dbe19d1e1a8a02b7cb943,0x59aab1bd0d26290274398c07b55955c15425e16b,0x00fe78205f5f0e63b8ad2b2ae5337f538a610e04,2026-09-13T12:25:04,complex_trace;high_gas_used_context,0x34fcd5be,false
25966024,0x2c395880e0e277436ff3eef81124ebd234948c6945b9ab2fab0cb7cfe4e6e774,0x396343362be2a4da1ce0c1c210945346fb82aa49,0xfeeeeee44046c3f61a8cc081e0918ef0de0a7ffc,2026-09-13T12:25:06,selfdestruct_context,0x6aa621ff,true
25966024,0x5fefc7b5d967299e198a66f8eb44447c0dd3fb58d1d9f0d3ace8f544a6a56a85,0x396343362be2a4da1ce0c1c210945346fb82aa49,0xfeeeeee44046c3f61a8cc081e0918ef0de0a7ffc,2026-09-13T12:25:06,selfdestruct_context,0x6aa621ff,true
25966024,0x6c3f0feddd06e192c07fef38f8e917832a8c30bc15537c6700ccc2c450f25b6a,0x59aab1bd0d26290274398c07b55955c15425e16b,0x00fe78205f5f0e63b8ad2b2ae5337f538a610e04,2026-09-13T12:25:06,complex_trace;high_gas_used_context,0x34fcd5be,false
25966025,0x19b05c76f3682eb1aa82dd07dd8ceb774f67864b00a413f6dde0e239d2e2ea6d,0x523686ff47ed0a0909964a906b46750ff46a8c47,0xca9a624e8c4a0b978b2901dbf07ee2094310106b,2026-09-13T12:26:08,dense_internal_fund_flow,0x48c89491,true
25966025,0x27599cb9d582eebcf400a41a7ad5004c13f5d271a220ac8275d2815e690522a3,0xd49a2cc7bf14100ad9d3e8e2d22cbedd692165c9,0xc10fc8fa761285fa3fa25aafcc10a54456ee8919,2026-09-13T12:26:08,dense_internal_fund_flow;complex_trace;high_gas_used_context;repeated_risky_internal_calls,0xa9059cbb,true
25966025,0x2fdde2cdab062bde18f995c0d55d908d26c7c4de4f6ea99c74db9b11124adcac,0xb8888e29804bbf646023cf1d7692af976dc7d5fb,0xec4fb7e7c35c241e1138a2d8cfbb09f3ad1ccb22,2026-09-13T12:26:08,complex_trace;token_activity_burst,0x00000009,false
25966025,0x3797bf67407d427741bd33525d83de483ca22b12fb94330990b267438f854430,0x2058e313525afea0dc2bcd2533a4fc18844d134c,0xc10fc8fa761285fa3fa25aafcc10a54456ee8919,2026-09-13T12:26:08,complex_trace;high_gas_used_context,0xa9059cbb,false
25966025,0x3944595c41be44fdaa21d8228787a42e7796ef8e4c7a66567a909ac2ff95f616,0x4838b106fce9647bdf1e7877bf73ce8b0bad5f97,0xfeeeeee44046c3f61a8cc081e0918ef0de0a7ffc,2026-09-13T12:26:08,selfdestruct_context,0x6aa6220b,true
25966025,0x6abfe2abc05ebb44c95a36a65eb76d1e64c61896611392e925b8d2642624522f,0xe3009dfb2e76b6d5b076d2f11a90d80747ea467f,0xc10fc8fa761285fa3fa25aafcc10a54456ee8919,2026-09-13T12:26:08,dense_internal_fund_flow;complex_trace;high_gas_used_context;repeated_risky_internal_calls,0xa9059cbb,true
25966025,0x78693ad5cda371c6b60ac6b724390ea72615aa6efff419e5c69685de0f8077ab,0xbe0b407782a7599380fa726db315340126d62229,0x4d2fb5f8ec243fde4df1a9678b82238570c7e0e4,2026-09-13T12:26:08,repeated_internal_token_drain;dense_internal_fund_flow;complex_trace;high_gas_used_context;token_activity_burst;repeated_risky_internal_calls,0x6a761202,true
25966025,0x7cc3fd9cfe8b72b06f036030f71442e6b3968d0462638312dd48ebd0c6f5b674,0x5b49289ffb3aec48df4d65b39e2c33dcf621a1a9,0xc10fc8fa761285fa3fa25aafcc10a54456ee8919,2026-09-13T12:26:08,dense_internal_fund_flow;complex_trace;high_gas_used_context;repeated_risky_internal_calls,0xa9059cbb,true
25966025,0xb5d12460b4c5348eb96b91ddd758bbc3b6680e9a5a18d84f39131dab7fac7e2c,0x217025e6a36db17383af6eff1fc70004bcba6a1c,0x6566194141eefa99af43bb5aa71460ca2dc90245,2026-09-13T12:26:08,large_erc20_asset_flow;large_mint_to_sender,0x374f435d,true
25966026,0x2be0b834a8305611b3c577373be88a3c63381c4b300e3fd00415f1f19f4adfae,0x59aab1bd0d26290274398c07b55955c15425e16b,0x00fe78205f5f0e63b8ad2b2ae5337f538a610e04,2026-09-13T12:26:09,complex_trace;high_gas_used_context,0x34fcd5be,false
25966026,0x858dd423f93ba0ee6d505998a22e568fccb2b6191f5ce8658acf97468855cab6,0xbe0b407782a7599380fa726db315340126d62229,0x4d2fb5f8ec243fde4df1a9678b82238570c7e0e4,2026-09-13T12:26:09,repeated_internal_token_drain;dense_internal_fund_flow;complex_trace;high_gas_used_context;token_activity_burst;repeated_risky_internal_calls,0x6a761202,true
25966026,0x9a1205e91df3e3f6f42b03fa82c2a1a8f795c529da6d00d5c25e24eb0ffc2e6c,0x59aab1bd0d26290274398c07b55955c15425e16b,0x00fe78205f5f0e63b8ad2b2ae5337f538a610e04,2026-09-13T12:26:09,complex_trace;high_gas_used_context,0x34fcd5be,false
25966026,0xb7e61a64e88857179265c2529df6407ecab4841493d7a3937a2779043486e40d,0xde7a849216aa3884d53d84ecb02c19eb67e5dae2,0x7d9f4ca54131e588fc1fe577973b55fb11231e76,2026-09-13T12:26:09,repeated_internal_token_drain;dense_internal_fund_flow;complex_trace;high_gas_used_context;token_activity_burst;repeated_risky_internal_calls,0x6aac3a0b,true
25966026,0xef0cd935d31cebfea436189ac1bb2df26a17067db55953f70ba7d4b2a9fa153e,0x7bd27a0103e48e25acdb131cc190314562171fde,0x8feab81d36e7576107d5de0758c1b839be31b4f6,2026-09-13T12:26:09,complex_trace;high_gas_used_context,0xf2c42696,true
25966027,0x600a838926a78a5c10c744709f3e5876ffe282f503557767662e91191f17de15,0x39f40b91a4f65373163b7be60dd4434bb603cff5,0x4313c378cc91ea583c91387b9216e2c03096b27f,2026-09-13T12:26:10,dense_internal_fund_flow;complex_trace,0xeffbec13,true
25966027,0x717a8b76f923166c59814d33c1c93fd40033148bb4c26c25e817f33ed80bd14b,0x7830c87c02e56aff27fa8ab1241711331fa86f43,0xa9d1e08c7793af67e9d92fe308d5697fb81d3e43,2026-09-13T12:26:10,dense_internal_fund_flow,0x1a1da075,true
25966027,0xa2694d52e955fb5d063e8f19424b681cdb585efbd9fc368b1673cdaf1eea9167,0x883a95fdf8df78e7128fced0e9d931a687ff542f,0x4ebc36dcee3ca916ff4157b51c2a16105a3774b5,2026-09-13T12:26:10,complex_trace;high_gas_used_context,0x1749e1e3,false
25966027,0x6a7a1f606d4c9195c91816a9a2eddca1b7084c01adfd39b8f19f63d261f4a466,0x99ca052fd64dd07ef904410861556163bb839f7d,0xc10fc8fa761285fa3fa25aafcc10a54456ee8919,2026-09-13T12:26:11,dense_internal_fund_flow;complex_trace;high_gas_used_context;repeated_risky_internal_calls,0xa9059cbb,true
25966027,0x6ba6d02bec7f49fe91cf42343de5b7d1fc1240b6ddff90a6f12ecbfc8425d56c,0x250c974b073e13f9ca677798aef589ad531e1f6f,0xbc1e043c8cc9033eceda964a479cdaeff62ce033,2026-09-13T12:26:11,large_erc20_asset_flow;complex_trace;token_activity_burst,0x91ec4f77,true
25966027,0x7df96eb5ecb49c95b87cd0bae1d46d0cb0898d5d0cc0315b1e9498dc43edeb9b,0x0bad9edade0eb1733281a3b484248d696a55fe6d,0x6566194141eefa99af43bb5aa71460ca2dc90245,2026-09-13T12:26:11,large_erc20_asset_flow,0x374f435d,true
25966027,0x8e56fcb2ce78aebc31c5aed0e60bc592bcc57fbbe65dec9d7a272e63de922f9b,0x396343362be2a4da1ce0c1c210945346fb82aa49,0xfeeeeee44046c3f61a8cc081e0918ef0de0a7ffc,2026-09-13T12:26:11,selfdestruct_context,0x6aa62223,true
25966027,0xbeb1c463e16315b5113298d930d95ffe8b7a69789147ab2e6eb023e7e4d30b95,0x396343362be2a4da1ce0c1c210945346fb82aa49,0xfeeeeee44046c3f61a8cc081e0918ef0de0a7ffc,2026-09-13T12:26:11,selfdestruct_context,0x6aa62223,true
25966027,0xe39d3a39507cfd39cbad38e5c0da86d32d41c964316394f58cd38232ddcc3b49,0x59aab1bd0d26290274398c07b55955c15425e16b,0x00fe78205f5f0e63b8ad2b2ae5337f538a610e04,2026-09-13T12:26:11,complex_trace;high_gas_used_context,0x34fcd5be,false
25966028,0x0b015147a2bc5f5e12f7911f271156cd588f096e2b054a560a662961baabe0d0,0x4838b106fce9647bdf1e7877bf73ce8b0bad5f97,0xfeeeeee44046c3f61a8cc081e0918ef0de0a7ffc,2026-09-13T12:26:13,selfdestruct_context,0x6aa6222f,true
25966028,0x0c63ccdf3a960f3e9b65eeb738db07a128b1409d310aad724f8e5512f52d23f9,0xec8c4eb216cbfc5b7f49b83cfbe6e34212863ae8,0xce15294273cfb9d9b628f4d61636623decdf4fdc,2026-09-13T12:26:13,dense_internal_fund_flow;large_erc20_asset_flow,0xd0e30db0,true
25966028,0x1f06dd13f96b9f3a54e414069ad5abbcb73830a363a1ed7fe5b9dcf59d8df360,0xbe0b407782a7599380fa726db315340126d62229,0x4d2fb5f8ec243fde4df1a9678b82238570c7e0e4,2026-09-13T12:26:13,repeated_internal_token_drain;dense_internal_fund_flow;complex_trace;high_gas_used_context;token_activity_burst;repeated_risky_internal_calls,0x6a761202,true
25966028,0xb17199be42efe8d5e1cd420187127055b5b27937b5096565d4198891a3d9788b,0x04ff8883b023d634abaab6e1a8c02dc7c26fe48b,0xbd216513d74c8cf14cf4747e6aaa6420ff64ee9e,2026-09-13T12:26:13,complex_trace;high_gas_used_context;token_activity_burst,0xac9650d8,false
25966028,0xd0e6636eb7e626ba412a53533ccadaa7b20b54ee0c956838e0e6447a987d17b5,0xd49a2cc7bf14100ad9d3e8e2d22cbedd692165c9,0xc10fc8fa761285fa3fa25aafcc10a54456ee8919,2026-09-13T12:26:13,complex_trace;high_gas_used_context,0xa9059cbb,false
25966028,0xc1d9ab4db99aaea926af83d15cacc8b09b97b233d5ab60e580ea92f1c5ea42be,0x59aab1bd0d26290274398c07b55955c15425e16b,0x00fe78205f5f0e63b8ad2b2ae5337f538a610e04,2026-09-13T12:26:14,complex_trace;high_gas_used_context,0x34fcd5be,false
25966028,0xcd10d149e70cae5e5f005876d1238bd86fe6f7a64c304866340763143bb807bc,0x4838b106fce9647bdf1e7877bf73ce8b0bad5f97,0xfeeeeee44046c3f61a8cc081e0918ef0de0a7ffc,2026-09-13T12:26:14,selfdestruct_context,0x6aa6222f,true
25966029,0xacd1ee4b7c5436804d329b642cb169f6d6d1ee7668319a4a500bdbb84184abc0,0x59aab1bd0d26290274398c07b55955c15425e16b,0x00fe78205f5f0e63b8ad2b2ae5337f538a610e04,2026-09-13T12:27:16,complex_trace;high_gas_used_context,0x34fcd5be,false
25966030,0x1589aacd91102ce73da2715efc9a9f87668373fe931a51e83a54e84356aa9272,0xbe0b407782a7599380fa726db315340126d62229,0x4d2fb5f8ec243fde4df1a9678b82238570c7e0e4,2026-09-13T12:27:18,repeated_internal_token_drain;dense_internal_fund_flow;complex_trace;high_gas_used_context;token_activity_burst;repeated_risky_internal_calls,0x6a761202,true
25966030,0x27b75df88af7980e4a39bdaab7dbc536e5e7d6f20c029355383a2ff02b9413e4,0xed0896aaa00b60387f22647278b8cddf2f3ee00d,0xd15e62e64c1265dfb753ed6e7c76cb5ff8f276c7,2026-09-13T12:27:18,large_erc20_asset_flow;complex_trace,0xe9ae5c53,true
25966030,0x3c81c1fa12922c88a87be3fd082c5b540350062cc47f590ff0da531455266f7c,0x59aab1bd0d26290274398c07b55955c15425e16b,0x00fe78205f5f0e63b8ad2b2ae5337f538a610e04,2026-09-13T12:27:19,complex_trace;high_gas_used_context,0x34fcd5be,false
25966030,0x29aa65bb443efb7210090d00255e017046869ba202b80d65af163cceb8187464,0x4838b106fce9647bdf1e7877bf73ce8b0bad5f97,0xfeeeeee44046c3f61a8cc081e0918ef0de0a7ffc,2026-09-13T12:27:49,selfdestruct_context,0x6aa62247,true
25966030,0x951e8405cd30fe2506d1b8ec7acf3c75f12f40d9a442053c25a575164c2f58e9,0x5b49289ffb3aec48df4d65b39e2c33dcf621a1a9,0xc10fc8fa761285fa3fa25aafcc10a54456ee8919,2026-09-13T12:27:49,complex_trace;high_gas_used_context,0xa9059cbb,false
25966030,0xf96f1166c894f041b2838da0cf03c82de06b5dce98a913194bbb74dc5b2251c8,0x99ca052fd64dd07ef904410861556163bb839f7d,0xc10fc8fa761285fa3fa25aafcc10a54456ee8919,2026-09-13T12:27:49,complex_trace;high_gas_used_context,0xa9059cbb,false
25966031,0x31693d48c0dfe0d1d57d2b9ec5ae0bb2aca0408f66919041101da54dc0b897a2,0x80fbefbee7e2bb2ac085f082674dc8c0bccfa135,0xec2c96e75b09e29b66bf2ee5c37fa749ef9aa7c7,2026-09-13T12:27:51,large_erc20_asset_flow;complex_trace,0xdb5c7e88,true
25966031,0x6dae056626b93b8ffa83a44675f94a50fe624921a85f2f089c0fa2b91c63fd39,0xbe0b407782a7599380fa726db315340126d62229,0x4d2fb5f8ec243fde4df1a9678b82238570c7e0e4,2026-09-13T12:27:51,repeated_internal_token_drain;dense_internal_fund_flow;complex_trace;high_gas_used_context;token_activity_burst;repeated_risky_internal_calls,0x6a761202,true
25966031,0x015dd6669011afdf1fe0d28ec6757ad611bec8b4d694ca44457caac1e5a40c5b,0x59aab1bd0d26290274398c07b55955c15425e16b,0x00fe78205f5f0e63b8ad2b2ae5337f538a610e04,2026-09-13T12:27:52,complex_trace;high_gas_used_context,0x34fcd5be,false
25966031,0x6bb6ad48853b5a1d1e5d7f47bbff0b7b2a23a26573f36dca99a0172a513f118e,0xfb74767c1ce1aada0a0e114441173b57f8c1571b,0xfeeeeee44046c3f61a8cc081e0918ef0de0a7ffc,2026-09-13T12:28:22,selfdestruct_context,0x6aa62253,true
25966031,0xe4f17a8c31a16676ced0c3d227229158fa60e811a24eff9bc3e075aa5cd6d0ca,0xfb74767c1ce1aada0a0e114441173b57f8c1571b,0xfeeeeee44046c3f61a8cc081e0918ef0de0a7ffc,2026-09-13T12:28:22,selfdestruct_context,0x6aa62253,true
25966033,0xed0fd6e3d5c794da09dac41f1b738a30e6791762e9a6d74f67bc191cd14c8d44,0xe146629431debafa910c36ccbb9f509ffff1be15,0x33ed4c0eab7823019b4a0fefec4eb760e71f377e,2026-09-13T12:28:53,complex_trace;high_gas_used_context,0x111966f6,false
25966033,0x0d2b256693c379ac1a2fea5dc63a8fa5012fa9032e0c71c7c099dc25acf3931e,0x654fae4aa229d104cabead47e56703f58b174be4,0x000000000035b5e5ad9019092c665357240f594e,2026-09-13T12:28:54,large_erc20_asset_flow;complex_trace,0x00000004,true
25966033,0x743f50a870103818bd43e921ce1bda966ff70037fda36639b033cdc3ff465ad5,0x4337006f33e2940fcbebd899bf2396117e65df9b,0x4337084d9e255ff0702461cf8895ce9e3b5ff108,2026-09-13T12:28:54,complex_trace;high_gas_used_context,0x765e827f,false
25966033,0xab54d84d7af2c713131bf37cd4ad68ee2a045b175692b3cd3fc0ff0c3168ad2b,0x8a4cb49c9316f99a6a5f0acdb06003da31f807fb,0x950fd558f47e234a2fde23b7d61f7ccdbcb4a86f,2026-09-13T12:28:54,dense_internal_fund_flow;complex_trace,0xdd225095,true
25966033,0xc3692912bc54a30ab18cbaf77c3fcc62e6d25e7b3cd6c3ec58c8a51b0cf21861,0xc78304acdf1f0d62b51441a38e5c1bab78f03f7a,0x0000000071727de22e5e9d8baf0edac6f37da032,2026-09-13T12:28:54,complex_trace;high_gas_used_context,0x765e827f,false
25966033,0xca253b482160483230d7fa725bbe63f2f2fcc88a872b435ceb0a9ff83d6ed6a9,0xbe0b407782a7599380fa726db315340126d62229,0x4d2fb5f8ec243fde4df1a9678b82238570c7e0e4,2026-09-13T12:28:54,repeated_internal_token_drain;dense_internal_fund_flow;very_complex_trace;high_gas_used_context;token_activity_burst;repeated_risky_internal_calls,0x6a761202,true
25966033,0xecc155ec6e4c85f717584a04e75a59f83428e9529f131198fb5f71f3e79ad933,0x654fae4aa229d104cabead47e56703f58b174be4,0x000000000035b5e5ad9019092c665357240f594e,2026-09-13T12:28:54,large_erc20_asset_flow;complex_trace,0x00000004,true
25966033,0x73bc21bc1322097799a5b863c3dab74fc99c5d7515c3ff13f667465a4e0dec98,0xdadb0d80178819f2319190d340ce9a924f783711,0xfeeeeee44046c3f61a8cc081e0918ef0de0a7ffc,2026-09-13T12:29:24,selfdestruct_context,0x6aa6226b,true
25966033,0x8c29326c4d3e781c5f3c4ec417af6a6b741cc5d821e73149f83b3c1ec9199c55,0x038889f3affd3321fc27c5a4d3b677871b05196d,0x2b1030edd7249a26ea1b1fb2ae4c87d53f5c30ef,2026-09-13T12:29:24,very_complex_trace;high_gas_used_context,0xd1c87b13,false
25966033,0xb0cf46c4ae5bc881938c42ab5dd0b2e2cf278aa71a4d4e0195767070e9cba5fd,0xdadb0d80178819f2319190d340ce9a924f783711,0xfeeeeee44046c3f61a8cc081e0918ef0de0a7ffc,2026-09-13T12:29:24,selfdestruct_context,0x6aa6226b,true
25966034,0x0471beb41df3a19979a285b4f6604611f47ce70e67afd12c591ccc1ef46d4c02,0x99ca052fd64dd07ef904410861556163bb839f7d,0xc10fc8fa761285fa3fa25aafcc10a54456ee8919,2026-09-13T12:29:27,complex_trace;high_gas_used_context,0xa9059cbb,false
25966034,0x11ceeb5f11871dc4aebf0f363f2a9130d66500cc36105ca9f4068ca69fc72970,0x9fc3da866e7df3a1c57ade1a97c9f00a70f010c8,0xfeeeeee44046c3f61a8cc081e0918ef0de0a7ffc,2026-09-13T12:29:27,selfdestruct_context,0x6aa62277,true
25966034,0x24794530359072171d019c21a3ad97231739e45fe48df7420dc2d1f3d4b63492,0x5a4fc9dd7b390a0f9b2909a0c34ce55cedc42377,0xc0c6af9ac74892cd4e85c70db455bb6bddc15450,2026-09-13T12:29:27,dense_internal_fund_flow;high_gas_used_context;token_activity_burst,0x983bc41b,true
25966034,0x37c34780adbcba71dd77c22f25d98096da676e69cd2404fc5cd7760487cb7ad3,0xd714e1d25067c2421ea58b962d900732f77ab23b,0xcd2bdb8af031d29d2bc38ef08b842d31e344384c,2026-09-13T12:29:27,complex_trace;high_gas_used_context;token_activity_burst,0xa9059cbb,false
25966034,0x4053d4f02591cedac40e3c3ad9e213a091cf329ebf1df1548dbf213daf2e68b2,0xed0896aaa00b60387f22647278b8cddf2f3ee00d,0xd15e62e64c1265dfb753ed6e7c76cb5ff8f276c7,2026-09-13T12:29:27,large_erc20_asset_flow;complex_trace,0xe9ae5c53,true
25966034,0x4bdfc21647bb272d3475a88a81322cb0f3430a4c558cb6c93e12bd76df14bce3,0x59aab1bd0d26290274398c07b55955c15425e16b,0x00fe78205f5f0e63b8ad2b2ae5337f538a610e04,2026-09-13T12:29:27,complex_trace;high_gas_used_context,0x34fcd5be,false
25966034,0x8571c5690e5918dfc1e9ed50f13059cfce6d6b4f3cea9fa2f04b6ea4d6af26cf,0x5b43453fce04b92e190f391a83136bfbecedefd1,0xbdb3ba9ffe392549e1f8658dd2630c141fdf47b6,2026-09-13T12:29:27,complex_trace;high_gas_used_context;token_activity_burst,0x000000c3,false
25966034,0x8d1241ca068537f9b168340622e0f8c0266fc9c9175214212f0839c3af6435f5,0xba9bc9a8aa87872f7b990031bde984a00b9ced49,0xf57f9e622bc12da707db20a9e21cd88f212effc1,2026-09-13T12:29:27,complex_trace;high_gas_used_context,0x82ad56cb,false
25966034,0xab6225c9995ee1ea920da6e9683f9ef38bc681480483f5e81d45fbde7d3b53de,0x59aab1bd0d26290274398c07b55955c15425e16b,0x00fe78205f5f0e63b8ad2b2ae5337f538a610e04,2026-09-13T12:29:27,complex_trace;high_gas_used_context,0x34fcd5be,false
25966034,0xbf4f1027e0e0f0b0fcad8c3bd0605a1dbefbced07bd3693ee5ee050a3ded5edb,0xd49a2cc7bf14100ad9d3e8e2d22cbedd692165c9,0xc10fc8fa761285fa3fa25aafcc10a54456ee8919,2026-09-13T12:29:27,complex_trace;high_gas_used_context,0xa9059cbb,false
25966034,0xc01e71a10db36792ce43900a9c28cf99318f06c598d60bce0b5b4157a71abd3e,0xae2fc483527b8ef99eb5d9b44875f005ba1fae13,0x1f2f10d1c40777ae1da742455c65828ff36df387,2026-09-13T12:29:27,complex_trace;high_gas_used_context;token_activity_burst,0x2b951098,false
25966034,0xd0579e46bc89e6733d15630a436ae98de4fc2d2bea6ca09289ac90d60f705fe1,0x5b49289ffb3aec48df4d65b39e2c33dcf621a1a9,0xc10fc8fa761285fa3fa25aafcc10a54456ee8919,2026-09-13T12:29:27,complex_trace;high_gas_used_context,0xa9059cbb,false
25966034,0xd79a093b0deb824e17df5e6062fb5597a21fb591ccdc558730a4db66b0341625,0xbe0b407782a7599380fa726db315340126d62229,0x4d2fb5f8ec243fde4df1a9678b82238570c7e0e4,2026-09-13T12:29:27,large_erc20_asset_flow;complex_trace,0x6a761202,true
25966035,0x2d74a342823da53fc0d40839a89991a9cb8266730f8f51a21db941629ecc0411,0xc0ffeebabe5d496b2dde509f9fa189c25cf29671,0xe08d97e151473a848c3d9ca3f323cb720472d015,2026-09-13T12:29:29,complex_trace;high_gas_used_context,0x1d23a9c4,false
25966035,0xa1e4c30604c2b32703236bf62b265cb41a302a81748b7f710948a7042e4661e9,0xbe0b407782a7599380fa726db315340126d62229,0x4d2fb5f8ec243fde4df1a9678b82238570c7e0e4,2026-09-13T12:29:29,repeated_internal_token_drain;dense_internal_fund_flow;complex_trace;high_gas_used_context;token_activity_burst;repeated_risky_internal_calls,0x6a761202,true
25966035,0xa7675cbd2e1886535daac8ac2d00d1e2289cf903b373c557976b9c7bc4109307,0xec222703c2187f643ce3b2c78634bd6a8cb4c401,0x7acc93938d4fb2f8bf7a8e4344f8160c81697f07,2026-09-13T12:29:29,large_erc20_asset_flow;complex_trace;selfdestruct_context,0xb61d27f6,true
25966035,0xe5b0de139a939a275ed79cbe5601e2f6c2da935cd2cf0f143cbe97f2d908c60f,0x59aab1bd0d26290274398c07b55955c15425e16b,0x00fe78205f5f0e63b8ad2b2ae5337f538a610e04,2026-09-13T12:29:29,complex_trace;high_gas_used_context,0x34fcd5be,false
25966035,0xf6dfa5c2c68dc7067afa52985be38fb7344e8d29b15a9f325cbad2d186cf2b7d,0x4838b106fce9647bdf1e7877bf73ce8b0bad5f97,0xfeeeeee44046c3f61a8cc081e0918ef0de0a7ffc,2026-09-13T12:29:29,selfdestruct_context,0x6aa62283,true
